0 0 1
1 1 0
1 2 1
1 32 1
2 1 1
2 2 0
2 4 1
3 3 0
3 5 1
3 34 1
4 2 1
4 4 0
4 8 1
5 3 1
5 5 0
5 6 1
5 9 1
5 36 1
6 5 1
6 6 0
6 10 1
7 7 0
7 11 1
7 38 1
8 4 1
8 8 0
8 16 1
9 5 1
9 9 0
9 10 1
9 17 1
9 40 1
10 6 1
10 9 1
10 10 0
10 12 1
10 18 1
11 7 1
11 11 0
11 13 1
11 19 1
11 42 1
12 10 1
12 12 0
12 20 1
13 11 1
13 13 0
13 14 1
13 21 1
13 44 1
14 13 1
14 14 0
14 22 1
15 15 0
15 23 1
15 46 1
16 8 1
16 16 0
16 32 1
17 9 1
17 17 0
17 18 1
17 33 1
17 48 1
18 10 1
18 17 1
18 18 0
18 20 1
18 34 1
19 11 1
19 19 0
19 21 1
19 35 1
19 50 1
20 12 1
20 18 1
20 20 0
20 24 1
20 36 1
21 13 1
21 19 1
21 21 -1
21 22 1
21 25 1
21 37 1
21 52 1
22 14 1
22 21 1
22 22 0
22 26 1
22 38 1
23 15 1
23 23 0
23 27 1
23 39 1
23 54 1
24 20 1
24 24 0
24 40 1
25 21 1
25 25 0
25 26 1
25 41 1
25 56 1
26 22 1
26 25 1
26 26 0
26 28 1
26 42 1
27 23 1
27 27 0
27 29 1
27 43 1
27 58 1
28 26 1
28 28 0
28 44 1
29 27 1
29 29 0
29 30 1
29 45 1
29 60 1
30 29 1
30 30 0
30 46 1
31 31 0
31 47 1
31 62 1
32 1 1
32 16 1
32 32 0
33 17 1
33 33 0
33 34 1
34 3 1
34 18 1
34 33 1
34 34 0
34 36 1
35 19 1
35 35 0
35 37 1
36 5 1
36 20 1
36 34 1
36 36 0
36 40 1
37 21 1
37 35 1
37 37 0
37 38 1
37 41 1
38 7 1
38 22 1
38 37 1
38 38 0
38 42 1
39 23 1
39 39 0
39 43 1
40 9 1
40 24 1
40 36 1
40 40 0
40 48 1
41 25 1
41 37 1
41 41 0
41 42 1
41 49 1
42 11 1
42 26 1
42 38 1
42 41 1
42 42 -1
42 44 1
42 50 1
43 27 1
43 39 1
43 43 0
43 45 1
43 51 1
44 13 1
44 28 1
44 42 1
44 44 0
44 52 1
45 29 1
45 43 1
45 45 0
45 46 1
45 53 1
46 15 1
46 30 1
46 45 1
46 46 0
46 54 1
47 31 1
47 47 0
47 55 1
48 17 1
48 40 1
48 48 0
49 41 1
49 49 0
49 50 1
50 19 1
50 42 1
50 49 1
50 50 0
50 52 1
51 43 1
51 51 0
51 53 1
52 21 1
52 44 1
52 50 1
52 52 0
52 56 1
53 45 1
53 51 1
53 53 0
53 54 1
53 57 1
54 23 1
54 46 1
54 53 1
54 54 0
54 58 1
55 47 1
55 55 0
55 59 1
56 25 1
56 52 1
56 56 0
57 53 1
57 57 0
57 58 1
58 27 1
58 54 1
58 57 1
58 58 0
58 60 1
59 55 1
59 59 0
59 61 1
60 29 1
60 58 1
60 60 0
61 59 1
61 61 0
61 62 1
62 31 1
62 61 1
62 62 0
63 63 1
