0 0 2
1 1 1
1 2 1
1 128 1
2 1 1
2 2 1
2 4 1
3 3 1
3 5 1
3 130 1
4 2 1
4 4 1
4 8 1
5 3 1
5 6 1
5 9 1
5 132 1
6 5 1
6 6 1
6 10 1
7 7 1
7 11 1
7 134 1
8 4 1
8 8 1
8 16 1
9 5 1
9 10 1
9 17 1
9 136 1
10 6 1
10 9 1
10 12 1
10 18 1
11 7 1
11 13 1
11 19 1
11 138 1
12 10 1
12 12 1
12 20 1
13 11 1
13 14 1
13 21 1
13 140 1
14 13 1
14 14 1
14 22 1
15 15 1
15 23 1
15 142 1
16 8 1
16 16 1
16 32 1
17 9 1
17 18 1
17 33 1
17 144 1
18 10 1
18 17 1
18 20 1
18 34 1
19 11 1
19 21 1
19 35 1
19 146 1
20 12 1
20 18 1
20 24 1
20 36 1
21 13 1
21 19 1
21 21 -1
21 22 1
21 25 1
21 37 1
21 148 1
22 14 1
22 21 1
22 26 1
22 38 1
23 15 1
23 27 1
23 39 1
23 150 1
24 20 1
24 24 1
24 40 1
25 21 1
25 26 1
25 41 1
25 152 1
26 22 1
26 25 1
26 28 1
26 42 1
27 23 1
27 29 1
27 43 1
27 154 1
28 26 1
28 28 1
28 44 1
29 27 1
29 30 1
29 45 1
29 156 1
30 29 1
30 30 1
30 46 1
31 31 1
31 47 1
31 158 1
32 16 1
32 32 1
32 64 1
33 17 1
33 34 1
33 65 1
33 160 1
34 18 1
34 33 1
34 36 1
34 66 1
35 19 1
35 37 1
35 67 1
35 162 1
36 20 1
36 34 1
36 40 1
36 68 1
37 21 1
37 35 1
37 37 -1
37 38 1
37 41 1
37 69 1
37 164 1
38 22 1
38 37 1
38 42 1
38 70 1
39 23 1
39 43 1
39 71 1
39 166 1
40 24 1
40 36 1
40 48 1
40 72 1
41 25 1
41 37 1
41 41 -1
41 42 1
41 49 1
41 73 1
41 168 1
42 26 1
42 38 1
42 41 1
42 42 -1
42 44 1
42 50 1
42 74 1
43 27 1
43 39 1
43 43 -1
43 45 1
43 51 1
43 75 1
43 170 1
44 28 1
44 42 1
44 52 1
44 76 1
45 29 1
45 43 1
45 45 -1
45 46 1
45 53 1
45 77 1
45 172 1
46 30 1
46 45 1
46 54 1
46 78 1
47 31 1
47 55 1
47 79 1
47 174 1
48 40 1
48 48 1
48 80 1
49 41 1
49 50 1
49 81 1
49 176 1
50 42 1
50 49 1
50 52 1
50 82 1
51 43 1
51 53 1
51 83 1
51 178 1
52 44 1
52 50 1
52 56 1
52 84 1
53 45 1
53 51 1
53 53 -1
53 54 1
53 57 1
53 85 1
53 180 1
54 46 1
54 53 1
54 58 1
54 86 1
55 47 1
55 59 1
55 87 1
55 182 1
56 52 1
56 56 1
56 88 1
57 53 1
57 58 1
57 89 1
57 184 1
58 54 1
58 57 1
58 60 1
58 90 1
59 55 1
59 61 1
59 91 1
59 186 1
60 58 1
60 60 1
60 92 1
61 59 1
61 62 1
61 93 1
61 188 1
62 61 1
62 62 1
62 94 1
63 63 1
63 95 1
63 190 1
64 32 1
64 64 1
64 128 1
65 33 1
65 66 1
65 129 1
65 192 1
66 34 1
66 65 1
66 68 1
66 130 1
67 35 1
67 69 1
67 131 1
67 194 1
68 36 1
68 66 1
68 72 1
68 132 1
69 37 1
69 67 1
69 69 -1
69 70 1
69 73 1
69 133 1
69 196 1
70 38 1
70 69 1
70 74 1
70 134 1
71 39 1
71 75 1
71 135 1
71 198 1
72 40 1
72 68 1
72 80 1
72 136 1
73 41 1
73 69 1
73 73 -1
73 74 1
73 81 1
73 137 1
73 200 1
74 42 1
74 70 1
74 73 1
74 74 -1
74 76 1
74 82 1
74 138 1
75 43 1
75 71 1
75 75 -1
75 77 1
75 83 1
75 139 1
75 202 1
76 44 1
76 74 1
76 84 1
76 140 1
77 45 1
77 75 1
77 77 -1
77 78 1
77 85 1
77 141 1
77 204 1
78 46 1
78 77 1
78 86 1
78 142 1
79 47 1
79 87 1
79 143 1
79 206 1
80 48 1
80 72 1
80 96 1
80 144 1
81 49 1
81 73 1
81 81 -1
81 82 1
81 97 1
81 145 1
81 208 1
82 50 1
82 74 1
82 81 1
82 82 -1
82 84 1
82 98 1
82 146 1
83 51 1
83 75 1
83 83 -1
83 85 1
83 99 1
83 147 1
83 210 1
84 52 1
84 76 1
84 82 1
84 84 -1
84 88 1
84 100 1
84 148 1
85 53 1
85 77 1
85 83 1
85 85 -2
85 86 1
85 89 1
85 101 1
85 149 1
85 212 1
86 54 1
86 78 1
86 85 1
86 86 -1
86 90 1
86 102 1
86 150 1
87 55 1
87 79 1
87 87 -1
87 91 1
87 103 1
87 151 1
87 214 1
88 56 1
88 84 1
88 104 1
88 152 1
89 57 1
89 85 1
89 89 -1
89 90 1
89 105 1
89 153 1
89 216 1
90 58 1
90 86 1
90 89 1
90 90 -1
90 92 1
90 106 1
90 154 1
91 59 1
91 87 1
91 91 -1
91 93 1
91 107 1
91 155 1
91 218 1
92 60 1
92 90 1
92 108 1
92 156 1
93 61 1
93 91 1
93 93 -1
93 94 1
93 109 1
93 157 1
93 220 1
94 62 1
94 93 1
94 110 1
94 158 1
95 63 1
95 111 1
95 159 1
95 222 1
96 80 1
96 96 1
96 160 1
97 81 1
97 98 1
97 161 1
97 224 1
98 82 1
98 97 1
98 100 1
98 162 1
99 83 1
99 101 1
99 163 1
99 226 1
100 84 1
100 98 1
100 104 1
100 164 1
101 85 1
101 99 1
101 101 -1
101 102 1
101 105 1
101 165 1
101 228 1
102 86 1
102 101 1
102 106 1
102 166 1
103 87 1
103 107 1
103 167 1
103 230 1
104 88 1
104 100 1
104 112 1
104 168 1
105 89 1
105 101 1
105 105 -1
105 106 1
105 113 1
105 169 1
105 232 1
106 90 1
106 102 1
106 105 1
106 106 -1
106 108 1
106 114 1
106 170 1
107 91 1
107 103 1
107 107 -1
107 109 1
107 115 1
107 171 1
107 234 1
108 92 1
108 106 1
108 116 1
108 172 1
109 93 1
109 107 1
109 109 -1
109 110 1
109 117 1
109 173 1
109 236 1
110 94 1
110 109 1
110 118 1
110 174 1
111 95 1
111 119 1
111 175 1
111 238 1
112 104 1
112 112 1
112 176 1
113 105 1
113 114 1
113 177 1
113 240 1
114 106 1
114 113 1
114 116 1
114 178 1
115 107 1
115 117 1
115 179 1
115 242 1
116 108 1
116 114 1
116 120 1
116 180 1
117 109 1
117 115 1
117 117 -1
117 118 1
117 121 1
117 181 1
117 244 1
118 110 1
118 117 1
118 122 1
118 182 1
119 111 1
119 123 1
119 183 1
119 246 1
120 116 1
120 120 1
120 184 1
121 117 1
121 122 1
121 185 1
121 248 1
122 118 1
122 121 1
122 124 1
122 186 1
123 119 1
123 125 1
123 187 1
123 250 1
124 122 1
124 124 1
124 188 1
125 123 1
125 126 1
125 189 1
125 252 1
126 125 1
126 126 1
126 190 1
127 127 1
127 191 1
127 254 1
128 1 1
128 64 1
128 128 1
129 65 1
129 129 1
129 130 1
130 3 1
130 66 1
130 129 1
130 132 1
131 67 1
131 131 1
131 133 1
132 5 1
132 68 1
132 130 1
132 136 1
133 69 1
133 131 1
133 134 1
133 137 1
134 7 1
134 70 1
134 133 1
134 138 1
135 71 1
135 135 1
135 139 1
136 9 1
136 72 1
136 132 1
136 144 1
137 73 1
137 133 1
137 138 1
137 145 1
138 11 1
138 74 1
138 134 1
138 137 1
138 138 -1
138 140 1
138 146 1
139 75 1
139 135 1
139 141 1
139 147 1
140 13 1
140 76 1
140 138 1
140 148 1
141 77 1
141 139 1
141 142 1
141 149 1
142 15 1
142 78 1
142 141 1
142 150 1
143 79 1
143 143 1
143 151 1
144 17 1
144 80 1
144 136 1
144 160 1
145 81 1
145 137 1
145 146 1
145 161 1
146 19 1
146 82 1
146 138 1
146 145 1
146 146 -1
146 148 1
146 162 1
147 83 1
147 139 1
147 149 1
147 163 1
148 21 1
148 84 1
148 140 1
148 146 1
148 148 -1
148 152 1
148 164 1
149 85 1
149 141 1
149 147 1
149 149 -1
149 150 1
149 153 1
149 165 1
150 23 1
150 86 1
150 142 1
150 149 1
150 150 -1
150 154 1
150 166 1
151 87 1
151 143 1
151 155 1
151 167 1
152 25 1
152 88 1
152 148 1
152 168 1
153 89 1
153 149 1
153 154 1
153 169 1
154 27 1
154 90 1
154 150 1
154 153 1
154 154 -1
154 156 1
154 170 1
155 91 1
155 151 1
155 157 1
155 171 1
156 29 1
156 92 1
156 154 1
156 172 1
157 93 1
157 155 1
157 158 1
157 173 1
158 31 1
158 94 1
158 157 1
158 174 1
159 95 1
159 159 1
159 175 1
160 33 1
160 96 1
160 144 1
160 192 1
161 97 1
161 145 1
161 162 1
161 193 1
162 35 1
162 98 1
162 146 1
162 161 1
162 162 -1
162 164 1
162 194 1
163 99 1
163 147 1
163 165 1
163 195 1
164 37 1
164 100 1
164 148 1
164 162 1
164 164 -1
164 168 1
164 196 1
165 101 1
165 149 1
165 163 1
165 165 -1
165 166 1
165 169 1
165 197 1
166 39 1
166 102 1
166 150 1
166 165 1
166 166 -1
166 170 1
166 198 1
167 103 1
167 151 1
167 171 1
167 199 1
168 41 1
168 104 1
168 152 1
168 164 1
168 168 -1
168 176 1
168 200 1
169 105 1
169 153 1
169 165 1
169 169 -1
169 170 1
169 177 1
169 201 1
170 43 1
170 106 1
170 154 1
170 166 1
170 169 1
170 170 -2
170 172 1
170 178 1
170 202 1
171 107 1
171 155 1
171 167 1
171 171 -1
171 173 1
171 179 1
171 203 1
172 45 1
172 108 1
172 156 1
172 170 1
172 172 -1
172 180 1
172 204 1
173 109 1
173 157 1
173 171 1
173 173 -1
173 174 1
173 181 1
173 205 1
174 47 1
174 110 1
174 158 1
174 173 1
174 174 -1
174 182 1
174 206 1
175 111 1
175 159 1
175 183 1
175 207 1
176 49 1
176 112 1
176 168 1
176 208 1
177 113 1
177 169 1
177 178 1
177 209 1
178 51 1
178 114 1
178 170 1
178 177 1
178 178 -1
178 180 1
178 210 1
179 115 1
179 171 1
179 181 1
179 211 1
180 53 1
180 116 1
180 172 1
180 178 1
180 180 -1
180 184 1
180 212 1
181 117 1
181 173 1
181 179 1
181 181 -1
181 182 1
181 185 1
181 213 1
182 55 1
182 118 1
182 174 1
182 181 1
182 182 -1
182 186 1
182 214 1
183 119 1
183 175 1
183 187 1
183 215 1
184 57 1
184 120 1
184 180 1
184 216 1
185 121 1
185 181 1
185 186 1
185 217 1
186 59 1
186 122 1
186 182 1
186 185 1
186 186 -1
186 188 1
186 218 1
187 123 1
187 183 1
187 189 1
187 219 1
188 61 1
188 124 1
188 186 1
188 220 1
189 125 1
189 187 1
189 190 1
189 221 1
190 63 1
190 126 1
190 189 1
190 222 1
191 127 1
191 191 1
191 223 1
192 65 1
192 160 1
192 192 1
193 161 1
193 193 1
193 194 1
194 67 1
194 162 1
194 193 1
194 196 1
195 163 1
195 195 1
195 197 1
196 69 1
196 164 1
196 194 1
196 200 1
197 165 1
197 195 1
197 198 1
197 201 1
198 71 1
198 166 1
198 197 1
198 202 1
199 167 1
199 199 1
199 203 1
200 73 1
200 168 1
200 196 1
200 208 1
201 169 1
201 197 1
201 202 1
201 209 1
202 75 1
202 170 1
202 198 1
202 201 1
202 202 -1
202 204 1
202 210 1
203 171 1
203 199 1
203 205 1
203 211 1
204 77 1
204 172 1
204 202 1
204 212 1
205 173 1
205 203 1
205 206 1
205 213 1
206 79 1
206 174 1
206 205 1
206 214 1
207 175 1
207 207 1
207 215 1
208 81 1
208 176 1
208 200 1
208 224 1
209 177 1
209 201 1
209 210 1
209 225 1
210 83 1
210 178 1
210 202 1
210 209 1
210 210 -1
210 212 1
210 226 1
211 179 1
211 203 1
211 213 1
211 227 1
212 85 1
212 180 1
212 204 1
212 210 1
212 212 -1
212 216 1
212 228 1
213 181 1
213 205 1
213 211 1
213 213 -1
213 214 1
213 217 1
213 229 1
214 87 1
214 182 1
214 206 1
214 213 1
214 214 -1
214 218 1
214 230 1
215 183 1
215 207 1
215 219 1
215 231 1
216 89 1
216 184 1
216 212 1
216 232 1
217 185 1
217 213 1
217 218 1
217 233 1
218 91 1
218 186 1
218 214 1
218 217 1
218 218 -1
218 220 1
218 234 1
219 187 1
219 215 1
219 221 1
219 235 1
220 93 1
220 188 1
220 218 1
220 236 1
221 189 1
221 219 1
221 222 1
221 237 1
222 95 1
222 190 1
222 221 1
222 238 1
223 191 1
223 223 1
223 239 1
224 97 1
224 208 1
224 224 1
225 209 1
225 225 1
225 226 1
226 99 1
226 210 1
226 225 1
226 228 1
227 211 1
227 227 1
227 229 1
228 101 1
228 212 1
228 226 1
228 232 1
229 213 1
229 227 1
229 230 1
229 233 1
230 103 1
230 214 1
230 229 1
230 234 1
231 215 1
231 231 1
231 235 1
232 105 1
232 216 1
232 228 1
232 240 1
233 217 1
233 229 1
233 234 1
233 241 1
234 107 1
234 218 1
234 230 1
234 233 1
234 234 -1
234 236 1
234 242 1
235 219 1
235 231 1
235 237 1
235 243 1
236 109 1
236 220 1
236 234 1
236 244 1
237 221 1
237 235 1
237 238 1
237 245 1
238 111 1
238 222 1
238 237 1
238 246 1
239 223 1
239 239 1
239 247 1
240 113 1
240 232 1
240 240 1
241 233 1
241 241 1
241 242 1
242 115 1
242 234 1
242 241 1
242 244 1
243 235 1
243 243 1
243 245 1
244 117 1
244 236 1
244 242 1
244 248 1
245 237 1
245 243 1
245 246 1
245 249 1
246 119 1
246 238 1
246 245 1
246 250 1
247 239 1
247 247 1
247 251 1
248 121 1
248 244 1
248 248 1
249 245 1
249 249 1
249 250 1
250 123 1
250 246 1
250 249 1
250 252 1
251 247 1
251 251 1
251 253 1
252 125 1
252 250 1
252 252 1
253 251 1
253 253 1
253 254 1
254 127 1
254 253 1
254 254 1
255 255 2
