0 0 2
1 1 1
1 2 1
1 512 1
2 1 1
2 2 1
2 4 1
3 3 1
3 5 1
3 514 1
4 2 1
4 4 1
4 8 1
5 3 1
5 5 0
5 6 1
5 9 1
5 516 1
6 5 1
6 6 1
6 10 1
7 7 1
7 11 1
7 518 1
8 4 1
8 8 1
8 16 1
9 5 1
9 9 0
9 10 1
9 17 1
9 520 1
10 6 1
10 9 1
10 10 0
10 12 1
10 18 1
11 7 1
11 11 0
11 13 1
11 19 1
11 522 1
12 10 1
12 12 1
12 20 1
13 11 1
13 13 0
13 14 1
13 21 1
13 524 1
14 13 1
14 14 1
14 22 1
15 15 1
15 23 1
15 526 1
16 8 1
16 16 1
16 32 1
17 9 1
17 17 0
17 18 1
17 33 1
17 528 1
18 10 1
18 17 1
18 18 0
18 20 1
18 34 1
19 11 1
19 19 0
19 21 1
19 35 1
19 530 1
20 12 1
20 18 1
20 20 0
20 24 1
20 36 1
21 13 1
21 19 1
21 21 0
21 22 1
21 25 1
21 37 1
21 532 1
22 14 1
22 21 1
22 22 0
22 26 1
22 38 1
23 15 1
23 23 0
23 27 1
23 39 1
23 534 1
24 20 1
24 24 1
24 40 1
25 21 1
25 25 0
25 26 1
25 41 1
25 536 1
26 22 1
26 25 1
26 26 0
26 28 1
26 42 1
27 23 1
27 27 0
27 29 1
27 43 1
27 538 1
28 26 1
28 28 1
28 44 1
29 27 1
29 29 0
29 30 1
29 45 1
29 540 1
30 29 1
30 30 1
30 46 1
31 31 1
31 47 1
31 542 1
32 16 1
32 32 1
32 64 1
33 17 1
33 33 0
33 34 1
33 65 1
33 544 1
34 18 1
34 33 1
34 34 0
34 36 1
34 66 1
35 19 1
35 35 0
35 37 1
35 67 1
35 546 1
36 20 1
36 34 1
36 36 0
36 40 1
36 68 1
37 21 1
37 35 1
37 37 0
37 38 1
37 41 1
37 69 1
37 548 1
38 22 1
38 37 1
38 38 0
38 42 1
38 70 1
39 23 1
39 39 0
39 43 1
39 71 1
39 550 1
40 24 1
40 36 1
40 40 0
40 48 1
40 72 1
41 25 1
41 37 1
41 41 0
41 42 1
41 49 1
41 73 1
41 552 1
42 26 1
42 38 1
42 41 1
42 42 0
42 44 1
42 50 1
42 74 1
43 27 1
43 39 1
43 43 0
43 45 1
43 51 1
43 75 1
43 554 1
44 28 1
44 42 1
44 44 0
44 52 1
44 76 1
45 29 1
45 43 1
45 45 0
45 46 1
45 53 1
45 77 1
45 556 1
46 30 1
46 45 1
46 46 0
46 54 1
46 78 1
47 31 1
47 47 0
47 55 1
47 79 1
47 558 1
48 40 1
48 48 1
48 80 1
49 41 1
49 49 0
49 50 1
49 81 1
49 560 1
50 42 1
50 49 1
50 50 0
50 52 1
50 82 1
51 43 1
51 51 0
51 53 1
51 83 1
51 562 1
52 44 1
52 50 1
52 52 0
52 56 1
52 84 1
53 45 1
53 51 1
53 53 0
53 54 1
53 57 1
53 85 1
53 564 1
54 46 1
54 53 1
54 54 0
54 58 1
54 86 1
55 47 1
55 55 0
55 59 1
55 87 1
55 566 1
56 52 1
56 56 1
56 88 1
57 53 1
57 57 0
57 58 1
57 89 1
57 568 1
58 54 1
58 57 1
58 58 0
58 60 1
58 90 1
59 55 1
59 59 0
59 61 1
59 91 1
59 570 1
60 58 1
60 60 1
60 92 1
61 59 1
61 61 0
61 62 1
61 93 1
61 572 1
62 61 1
62 62 1
62 94 1
63 63 1
63 95 1
63 574 1
64 32 1
64 64 1
64 128 1
65 33 1
65 65 0
65 66 1
65 129 1
65 576 1
66 34 1
66 65 1
66 66 0
66 68 1
66 130 1
67 35 1
67 67 0
67 69 1
67 131 1
67 578 1
68 36 1
68 66 1
68 68 0
68 72 1
68 132 1
69 37 1
69 67 1
69 69 0
69 70 1
69 73 1
69 133 1
69 580 1
70 38 1
70 69 1
70 70 0
70 74 1
70 134 1
71 39 1
71 71 0
71 75 1
71 135 1
71 582 1
72 40 1
72 68 1
72 72 0
72 80 1
72 136 1
73 41 1
73 69 1
73 73 0
73 74 1
73 81 1
73 137 1
73 584 1
74 42 1
74 70 1
74 73 1
74 74 0
74 76 1
74 82 1
74 138 1
75 43 1
75 71 1
75 75 0
75 77 1
75 83 1
75 139 1
75 586 1
76 44 1
76 74 1
76 76 0
76 84 1
76 140 1
77 45 1
77 75 1
77 77 0
77 78 1
77 85 1
77 141 1
77 588 1
78 46 1
78 77 1
78 78 0
78 86 1
78 142 1
79 47 1
79 79 0
79 87 1
79 143 1
79 590 1
80 48 1
80 72 1
80 80 0
80 96 1
80 144 1
81 49 1
81 73 1
81 81 0
81 82 1
81 97 1
81 145 1
81 592 1
82 50 1
82 74 1
82 81 1
82 82 0
82 84 1
82 98 1
82 146 1
83 51 1
83 75 1
83 83 0
83 85 1
83 99 1
83 147 1
83 594 1
84 52 1
84 76 1
84 82 1
84 84 0
84 88 1
84 100 1
84 148 1
85 53 1
85 77 1
85 83 1
85 85 -1
85 86 1
85 89 1
85 101 1
85 149 1
85 596 1
86 54 1
86 78 1
86 85 1
86 86 0
86 90 1
86 102 1
86 150 1
87 55 1
87 79 1
87 87 0
87 91 1
87 103 1
87 151 1
87 598 1
88 56 1
88 84 1
88 88 0
88 104 1
88 152 1
89 57 1
89 85 1
89 89 0
89 90 1
89 105 1
89 153 1
89 600 1
90 58 1
90 86 1
90 89 1
90 90 0
90 92 1
90 106 1
90 154 1
91 59 1
91 87 1
91 91 0
91 93 1
91 107 1
91 155 1
91 602 1
92 60 1
92 90 1
92 92 0
92 108 1
92 156 1
93 61 1
93 91 1
93 93 0
93 94 1
93 109 1
93 157 1
93 604 1
94 62 1
94 93 1
94 94 0
94 110 1
94 158 1
95 63 1
95 95 0
95 111 1
95 159 1
95 606 1
96 80 1
96 96 1
96 160 1
97 81 1
97 97 0
97 98 1
97 161 1
97 608 1
98 82 1
98 97 1
98 98 0
98 100 1
98 162 1
99 83 1
99 99 0
99 101 1
99 163 1
99 610 1
100 84 1
100 98 1
100 100 0
100 104 1
100 164 1
101 85 1
101 99 1
101 101 0
101 102 1
101 105 1
101 165 1
101 612 1
102 86 1
102 101 1
102 102 0
102 106 1
102 166 1
103 87 1
103 103 0
103 107 1
103 167 1
103 614 1
104 88 1
104 100 1
104 104 0
104 112 1
104 168 1
105 89 1
105 101 1
105 105 0
105 106 1
105 113 1
105 169 1
105 616 1
106 90 1
106 102 1
106 105 1
106 106 0
106 108 1
106 114 1
106 170 1
107 91 1
107 103 1
107 107 0
107 109 1
107 115 1
107 171 1
107 618 1
108 92 1
108 106 1
108 108 0
108 116 1
108 172 1
109 93 1
109 107 1
109 109 0
109 110 1
109 117 1
109 173 1
109 620 1
110 94 1
110 109 1
110 110 0
110 118 1
110 174 1
111 95 1
111 111 0
111 119 1
111 175 1
111 622 1
112 104 1
112 112 1
112 176 1
113 105 1
113 113 0
113 114 1
113 177 1
113 624 1
114 106 1
114 113 1
114 114 0
114 116 1
114 178 1
115 107 1
115 115 0
115 117 1
115 179 1
115 626 1
116 108 1
116 114 1
116 116 0
116 120 1
116 180 1
117 109 1
117 115 1
117 117 0
117 118 1
117 121 1
117 181 1
117 628 1
118 110 1
118 117 1
118 118 0
118 122 1
118 182 1
119 111 1
119 119 0
119 123 1
119 183 1
119 630 1
120 116 1
120 120 1
120 184 1
121 117 1
121 121 0
121 122 1
121 185 1
121 632 1
122 118 1
122 121 1
122 122 0
122 124 1
122 186 1
123 119 1
123 123 0
123 125 1
123 187 1
123 634 1
124 122 1
124 124 1
124 188 1
125 123 1
125 125 0
125 126 1
125 189 1
125 636 1
126 125 1
126 126 1
126 190 1
127 127 1
127 191 1
127 638 1
128 64 1
128 128 1
128 256 1
129 65 1
129 129 0
129 130 1
129 257 1
129 640 1
130 66 1
130 129 1
130 130 0
130 132 1
130 258 1
131 67 1
131 131 0
131 133 1
131 259 1
131 642 1
132 68 1
132 130 1
132 132 0
132 136 1
132 260 1
133 69 1
133 131 1
133 133 0
133 134 1
133 137 1
133 261 1
133 644 1
134 70 1
134 133 1
134 134 0
134 138 1
134 262 1
135 71 1
135 135 0
135 139 1
135 263 1
135 646 1
136 72 1
136 132 1
136 136 0
136 144 1
136 264 1
137 73 1
137 133 1
137 137 0
137 138 1
137 145 1
137 265 1
137 648 1
138 74 1
138 134 1
138 137 1
138 138 0
138 140 1
138 146 1
138 266 1
139 75 1
139 135 1
139 139 0
139 141 1
139 147 1
139 267 1
139 650 1
140 76 1
140 138 1
140 140 0
140 148 1
140 268 1
141 77 1
141 139 1
141 141 0
141 142 1
141 149 1
141 269 1
141 652 1
142 78 1
142 141 1
142 142 0
142 150 1
142 270 1
143 79 1
143 143 0
143 151 1
143 271 1
143 654 1
144 80 1
144 136 1
144 144 0
144 160 1
144 272 1
145 81 1
145 137 1
145 145 0
145 146 1
145 161 1
145 273 1
145 656 1
146 82 1
146 138 1
146 145 1
146 146 0
146 148 1
146 162 1
146 274 1
147 83 1
147 139 1
147 147 0
147 149 1
147 163 1
147 275 1
147 658 1
148 84 1
148 140 1
148 146 1
148 148 0
148 152 1
148 164 1
148 276 1
149 85 1
149 141 1
149 147 1
149 149 -1
149 150 1
149 153 1
149 165 1
149 277 1
149 660 1
150 86 1
150 142 1
150 149 1
150 150 0
150 154 1
150 166 1
150 278 1
151 87 1
151 143 1
151 151 0
151 155 1
151 167 1
151 279 1
151 662 1
152 88 1
152 148 1
152 152 0
152 168 1
152 280 1
153 89 1
153 149 1
153 153 0
153 154 1
153 169 1
153 281 1
153 664 1
154 90 1
154 150 1
154 153 1
154 154 0
154 156 1
154 170 1
154 282 1
155 91 1
155 151 1
155 155 0
155 157 1
155 171 1
155 283 1
155 666 1
156 92 1
156 154 1
156 156 0
156 172 1
156 284 1
157 93 1
157 155 1
157 157 0
157 158 1
157 173 1
157 285 1
157 668 1
158 94 1
158 157 1
158 158 0
158 174 1
158 286 1
159 95 1
159 159 0
159 175 1
159 287 1
159 670 1
160 96 1
160 144 1
160 160 0
160 192 1
160 288 1
161 97 1
161 145 1
161 161 0
161 162 1
161 193 1
161 289 1
161 672 1
162 98 1
162 146 1
162 161 1
162 162 0
162 164 1
162 194 1
162 290 1
163 99 1
163 147 1
163 163 0
163 165 1
163 195 1
163 291 1
163 674 1
164 100 1
164 148 1
164 162 1
164 164 0
164 168 1
164 196 1
164 292 1
165 101 1
165 149 1
165 163 1
165 165 -1
165 166 1
165 169 1
165 197 1
165 293 1
165 676 1
166 102 1
166 150 1
166 165 1
166 166 0
166 170 1
166 198 1
166 294 1
167 103 1
167 151 1
167 167 0
167 171 1
167 199 1
167 295 1
167 678 1
168 104 1
168 152 1
168 164 1
168 168 0
168 176 1
168 200 1
168 296 1
169 105 1
169 153 1
169 165 1
169 169 -1
169 170 1
169 177 1
169 201 1
169 297 1
169 680 1
170 106 1
170 154 1
170 166 1
170 169 1
170 170 -1
170 172 1
170 178 1
170 202 1
170 298 1
171 107 1
171 155 1
171 167 1
171 171 -1
171 173 1
171 179 1
171 203 1
171 299 1
171 682 1
172 108 1
172 156 1
172 170 1
172 172 0
172 180 1
172 204 1
172 300 1
173 109 1
173 157 1
173 171 1
173 173 -1
173 174 1
173 181 1
173 205 1
173 301 1
173 684 1
174 110 1
174 158 1
174 173 1
174 174 0
174 182 1
174 206 1
174 302 1
175 111 1
175 159 1
175 175 0
175 183 1
175 207 1
175 303 1
175 686 1
176 112 1
176 168 1
176 176 0
176 208 1
176 304 1
177 113 1
177 169 1
177 177 0
177 178 1
177 209 1
177 305 1
177 688 1
178 114 1
178 170 1
178 177 1
178 178 0
178 180 1
178 210 1
178 306 1
179 115 1
179 171 1
179 179 0
179 181 1
179 211 1
179 307 1
179 690 1
180 116 1
180 172 1
180 178 1
180 180 0
180 184 1
180 212 1
180 308 1
181 117 1
181 173 1
181 179 1
181 181 -1
181 182 1
181 185 1
181 213 1
181 309 1
181 692 1
182 118 1
182 174 1
182 181 1
182 182 0
182 186 1
182 214 1
182 310 1
183 119 1
183 175 1
183 183 0
183 187 1
183 215 1
183 311 1
183 694 1
184 120 1
184 180 1
184 184 0
184 216 1
184 312 1
185 121 1
185 181 1
185 185 0
185 186 1
185 217 1
185 313 1
185 696 1
186 122 1
186 182 1
186 185 1
186 186 0
186 188 1
186 218 1
186 314 1
187 123 1
187 183 1
187 187 0
187 189 1
187 219 1
187 315 1
187 698 1
188 124 1
188 186 1
188 188 0
188 220 1
188 316 1
189 125 1
189 187 1
189 189 0
189 190 1
189 221 1
189 317 1
189 700 1
190 126 1
190 189 1
190 190 0
190 222 1
190 318 1
191 127 1
191 191 0
191 223 1
191 319 1
191 702 1
192 160 1
192 192 1
192 320 1
193 161 1
193 193 0
193 194 1
193 321 1
193 704 1
194 162 1
194 193 1
194 194 0
194 196 1
194 322 1
195 163 1
195 195 0
195 197 1
195 323 1
195 706 1
196 164 1
196 194 1
196 196 0
196 200 1
196 324 1
197 165 1
197 195 1
197 197 0
197 198 1
197 201 1
197 325 1
197 708 1
198 166 1
198 197 1
198 198 0
198 202 1
198 326 1
199 167 1
199 199 0
199 203 1
199 327 1
199 710 1
200 168 1
200 196 1
200 200 0
200 208 1
200 328 1
201 169 1
201 197 1
201 201 0
201 202 1
201 209 1
201 329 1
201 712 1
202 170 1
202 198 1
202 201 1
202 202 0
202 204 1
202 210 1
202 330 1
203 171 1
203 199 1
203 203 0
203 205 1
203 211 1
203 331 1
203 714 1
204 172 1
204 202 1
204 204 0
204 212 1
204 332 1
205 173 1
205 203 1
205 205 0
205 206 1
205 213 1
205 333 1
205 716 1
206 174 1
206 205 1
206 206 0
206 214 1
206 334 1
207 175 1
207 207 0
207 215 1
207 335 1
207 718 1
208 176 1
208 200 1
208 208 0
208 224 1
208 336 1
209 177 1
209 201 1
209 209 0
209 210 1
209 225 1
209 337 1
209 720 1
210 178 1
210 202 1
210 209 1
210 210 0
210 212 1
210 226 1
210 338 1
211 179 1
211 203 1
211 211 0
211 213 1
211 227 1
211 339 1
211 722 1
212 180 1
212 204 1
212 210 1
212 212 0
212 216 1
212 228 1
212 340 1
213 181 1
213 205 1
213 211 1
213 213 -1
213 214 1
213 217 1
213 229 1
213 341 1
213 724 1
214 182 1
214 206 1
214 213 1
214 214 0
214 218 1
214 230 1
214 342 1
215 183 1
215 207 1
215 215 0
215 219 1
215 231 1
215 343 1
215 726 1
216 184 1
216 212 1
216 216 0
216 232 1
216 344 1
217 185 1
217 213 1
217 217 0
217 218 1
217 233 1
217 345 1
217 728 1
218 186 1
218 214 1
218 217 1
218 218 0
218 220 1
218 234 1
218 346 1
219 187 1
219 215 1
219 219 0
219 221 1
219 235 1
219 347 1
219 730 1
220 188 1
220 218 1
220 220 0
220 236 1
220 348 1
221 189 1
221 219 1
221 221 0
221 222 1
221 237 1
221 349 1
221 732 1
222 190 1
222 221 1
222 222 0
222 238 1
222 350 1
223 191 1
223 223 0
223 239 1
223 351 1
223 734 1
224 208 1
224 224 1
224 352 1
225 209 1
225 225 0
225 226 1
225 353 1
225 736 1
226 210 1
226 225 1
226 226 0
226 228 1
226 354 1
227 211 1
227 227 0
227 229 1
227 355 1
227 738 1
228 212 1
228 226 1
228 228 0
228 232 1
228 356 1
229 213 1
229 227 1
229 229 0
229 230 1
229 233 1
229 357 1
229 740 1
230 214 1
230 229 1
230 230 0
230 234 1
230 358 1
231 215 1
231 231 0
231 235 1
231 359 1
231 742 1
232 216 1
232 228 1
232 232 0
232 240 1
232 360 1
233 217 1
233 229 1
233 233 0
233 234 1
233 241 1
233 361 1
233 744 1
234 218 1
234 230 1
234 233 1
234 234 0
234 236 1
234 242 1
234 362 1
235 219 1
235 231 1
235 235 0
235 237 1
235 243 1
235 363 1
235 746 1
236 220 1
236 234 1
236 236 0
236 244 1
236 364 1
237 221 1
237 235 1
237 237 0
237 238 1
237 245 1
237 365 1
237 748 1
238 222 1
238 237 1
238 238 0
238 246 1
238 366 1
239 223 1
239 239 0
239 247 1
239 367 1
239 750 1
240 232 1
240 240 1
240 368 1
241 233 1
241 241 0
241 242 1
241 369 1
241 752 1
242 234 1
242 241 1
242 242 0
242 244 1
242 370 1
243 235 1
243 243 0
243 245 1
243 371 1
243 754 1
244 236 1
244 242 1
244 244 0
244 248 1
244 372 1
245 237 1
245 243 1
245 245 0
245 246 1
245 249 1
245 373 1
245 756 1
246 238 1
246 245 1
246 246 0
246 250 1
246 374 1
247 239 1
247 247 0
247 251 1
247 375 1
247 758 1
248 244 1
248 248 1
248 376 1
249 245 1
249 249 0
249 250 1
249 377 1
249 760 1
250 246 1
250 249 1
250 250 0
250 252 1
250 378 1
251 247 1
251 251 0
251 253 1
251 379 1
251 762 1
252 250 1
252 252 1
252 380 1
253 251 1
253 253 0
253 254 1
253 381 1
253 764 1
254 253 1
254 254 1
254 382 1
255 255 1
255 383 1
255 766 1
256 128 1
256 256 1
256 512 1
257 129 1
257 257 0
257 258 1
257 513 1
257 768 1
258 130 1
258 257 1
258 258 0
258 260 1
258 514 1
259 131 1
259 259 0
259 261 1
259 515 1
259 770 1
260 132 1
260 258 1
260 260 0
260 264 1
260 516 1
261 133 1
261 259 1
261 261 0
261 262 1
261 265 1
261 517 1
261 772 1
262 134 1
262 261 1
262 262 0
262 266 1
262 518 1
263 135 1
263 263 0
263 267 1
263 519 1
263 774 1
264 136 1
264 260 1
264 264 0
264 272 1
264 520 1
265 137 1
265 261 1
265 265 0
265 266 1
265 273 1
265 521 1
265 776 1
266 138 1
266 262 1
266 265 1
266 266 0
266 268 1
266 274 1
266 522 1
267 139 1
267 263 1
267 267 0
267 269 1
267 275 1
267 523 1
267 778 1
268 140 1
268 266 1
268 268 0
268 276 1
268 524 1
269 141 1
269 267 1
269 269 0
269 270 1
269 277 1
269 525 1
269 780 1
270 142 1
270 269 1
270 270 0
270 278 1
270 526 1
271 143 1
271 271 0
271 279 1
271 527 1
271 782 1
272 144 1
272 264 1
272 272 0
272 288 1
272 528 1
273 145 1
273 265 1
273 273 0
273 274 1
273 289 1
273 529 1
273 784 1
274 146 1
274 266 1
274 273 1
274 274 0
274 276 1
274 290 1
274 530 1
275 147 1
275 267 1
275 275 0
275 277 1
275 291 1
275 531 1
275 786 1
276 148 1
276 268 1
276 274 1
276 276 0
276 280 1
276 292 1
276 532 1
277 149 1
277 269 1
277 275 1
277 277 -1
277 278 1
277 281 1
277 293 1
277 533 1
277 788 1
278 150 1
278 270 1
278 277 1
278 278 0
278 282 1
278 294 1
278 534 1
279 151 1
279 271 1
279 279 0
279 283 1
279 295 1
279 535 1
279 790 1
280 152 1
280 276 1
280 280 0
280 296 1
280 536 1
281 153 1
281 277 1
281 281 0
281 282 1
281 297 1
281 537 1
281 792 1
282 154 1
282 278 1
282 281 1
282 282 0
282 284 1
282 298 1
282 538 1
283 155 1
283 279 1
283 283 0
283 285 1
283 299 1
283 539 1
283 794 1
284 156 1
284 282 1
284 284 0
284 300 1
284 540 1
285 157 1
285 283 1
285 285 0
285 286 1
285 301 1
285 541 1
285 796 1
286 158 1
286 285 1
286 286 0
286 302 1
286 542 1
287 159 1
287 287 0
287 303 1
287 543 1
287 798 1
288 160 1
288 272 1
288 288 0
288 320 1
288 544 1
289 161 1
289 273 1
289 289 0
289 290 1
289 321 1
289 545 1
289 800 1
290 162 1
290 274 1
290 289 1
290 290 0
290 292 1
290 322 1
290 546 1
291 163 1
291 275 1
291 291 0
291 293 1
291 323 1
291 547 1
291 802 1
292 164 1
292 276 1
292 290 1
292 292 0
292 296 1
292 324 1
292 548 1
293 165 1
293 277 1
293 291 1
293 293 -1
293 294 1
293 297 1
293 325 1
293 549 1
293 804 1
294 166 1
294 278 1
294 293 1
294 294 0
294 298 1
294 326 1
294 550 1
295 167 1
295 279 1
295 295 0
295 299 1
295 327 1
295 551 1
295 806 1
296 168 1
296 280 1
296 292 1
296 296 0
296 304 1
296 328 1
296 552 1
297 169 1
297 281 1
297 293 1
297 297 -1
297 298 1
297 305 1
297 329 1
297 553 1
297 808 1
298 170 1
298 282 1
298 294 1
298 297 1
298 298 -1
298 300 1
298 306 1
298 330 1
298 554 1
299 171 1
299 283 1
299 295 1
299 299 -1
299 301 1
299 307 1
299 331 1
299 555 1
299 810 1
300 172 1
300 284 1
300 298 1
300 300 0
300 308 1
300 332 1
300 556 1
301 173 1
301 285 1
301 299 1
301 301 -1
301 302 1
301 309 1
301 333 1
301 557 1
301 812 1
302 174 1
302 286 1
302 301 1
302 302 0
302 310 1
302 334 1
302 558 1
303 175 1
303 287 1
303 303 0
303 311 1
303 335 1
303 559 1
303 814 1
304 176 1
304 296 1
304 304 0
304 336 1
304 560 1
305 177 1
305 297 1
305 305 0
305 306 1
305 337 1
305 561 1
305 816 1
306 178 1
306 298 1
306 305 1
306 306 0
306 308 1
306 338 1
306 562 1
307 179 1
307 299 1
307 307 0
307 309 1
307 339 1
307 563 1
307 818 1
308 180 1
308 300 1
308 306 1
308 308 0
308 312 1
308 340 1
308 564 1
309 181 1
309 301 1
309 307 1
309 309 -1
309 310 1
309 313 1
309 341 1
309 565 1
309 820 1
310 182 1
310 302 1
310 309 1
310 310 0
310 314 1
310 342 1
310 566 1
311 183 1
311 303 1
311 311 0
311 315 1
311 343 1
311 567 1
311 822 1
312 184 1
312 308 1
312 312 0
312 344 1
312 568 1
313 185 1
313 309 1
313 313 0
313 314 1
313 345 1
313 569 1
313 824 1
314 186 1
314 310 1
314 313 1
314 314 0
314 316 1
314 346 1
314 570 1
315 187 1
315 311 1
315 315 0
315 317 1
315 347 1
315 571 1
315 826 1
316 188 1
316 314 1
316 316 0
316 348 1
316 572 1
317 189 1
317 315 1
317 317 0
317 318 1
317 349 1
317 573 1
317 828 1
318 190 1
318 317 1
318 318 0
318 350 1
318 574 1
319 191 1
319 319 0
319 351 1
319 575 1
319 830 1
320 192 1
320 288 1
320 320 0
320 384 1
320 576 1
321 193 1
321 289 1
321 321 0
321 322 1
321 385 1
321 577 1
321 832 1
322 194 1
322 290 1
322 321 1
322 322 0
322 324 1
322 386 1
322 578 1
323 195 1
323 291 1
323 323 0
323 325 1
323 387 1
323 579 1
323 834 1
324 196 1
324 292 1
324 322 1
324 324 0
324 328 1
324 388 1
324 580 1
325 197 1
325 293 1
325 323 1
325 325 -1
325 326 1
325 329 1
325 389 1
325 581 1
325 836 1
326 198 1
326 294 1
326 325 1
326 326 0
326 330 1
326 390 1
326 582 1
327 199 1
327 295 1
327 327 0
327 331 1
327 391 1
327 583 1
327 838 1
328 200 1
328 296 1
328 324 1
328 328 0
328 336 1
328 392 1
328 584 1
329 201 1
329 297 1
329 325 1
329 329 -1
329 330 1
329 337 1
329 393 1
329 585 1
329 840 1
330 202 1
330 298 1
330 326 1
330 329 1
330 330 -1
330 332 1
330 338 1
330 394 1
330 586 1
331 203 1
331 299 1
331 327 1
331 331 -1
331 333 1
331 339 1
331 395 1
331 587 1
331 842 1
332 204 1
332 300 1
332 330 1
332 332 0
332 340 1
332 396 1
332 588 1
333 205 1
333 301 1
333 331 1
333 333 -1
333 334 1
333 341 1
333 397 1
333 589 1
333 844 1
334 206 1
334 302 1
334 333 1
334 334 0
334 342 1
334 398 1
334 590 1
335 207 1
335 303 1
335 335 0
335 343 1
335 399 1
335 591 1
335 846 1
336 208 1
336 304 1
336 328 1
336 336 0
336 352 1
336 400 1
336 592 1
337 209 1
337 305 1
337 329 1
337 337 -1
337 338 1
337 353 1
337 401 1
337 593 1
337 848 1
338 210 1
338 306 1
338 330 1
338 337 1
338 338 -1
338 340 1
338 354 1
338 402 1
338 594 1
339 211 1
339 307 1
339 331 1
339 339 -1
339 341 1
339 355 1
339 403 1
339 595 1
339 850 1
340 212 1
340 308 1
340 332 1
340 338 1
340 340 -1
340 344 1
340 356 1
340 404 1
340 596 1
341 213 1
341 309 1
341 333 1
341 339 1
341 341 -2
341 342 1
341 345 1
341 357 1
341 405 1
341 597 1
341 852 1
342 214 1
342 310 1
342 334 1
342 341 1
342 342 -1
342 346 1
342 358 1
342 406 1
342 598 1
343 215 1
343 311 1
343 335 1
343 343 -1
343 347 1
343 359 1
343 407 1
343 599 1
343 854 1
344 216 1
344 312 1
344 340 1
344 344 0
344 360 1
344 408 1
344 600 1
345 217 1
345 313 1
345 341 1
345 345 -1
345 346 1
345 361 1
345 409 1
345 601 1
345 856 1
346 218 1
346 314 1
346 342 1
346 345 1
346 346 -1
346 348 1
346 362 1
346 410 1
346 602 1
347 219 1
347 315 1
347 343 1
347 347 -1
347 349 1
347 363 1
347 411 1
347 603 1
347 858 1
348 220 1
348 316 1
348 346 1
348 348 0
348 364 1
348 412 1
348 604 1
349 221 1
349 317 1
349 347 1
349 349 -1
349 350 1
349 365 1
349 413 1
349 605 1
349 860 1
350 222 1
350 318 1
350 349 1
350 350 0
350 366 1
350 414 1
350 606 1
351 223 1
351 319 1
351 351 0
351 367 1
351 415 1
351 607 1
351 862 1
352 224 1
352 336 1
352 352 0
352 416 1
352 608 1
353 225 1
353 337 1
353 353 0
353 354 1
353 417 1
353 609 1
353 864 1
354 226 1
354 338 1
354 353 1
354 354 0
354 356 1
354 418 1
354 610 1
355 227 1
355 339 1
355 355 0
355 357 1
355 419 1
355 611 1
355 866 1
356 228 1
356 340 1
356 354 1
356 356 0
356 360 1
356 420 1
356 612 1
357 229 1
357 341 1
357 355 1
357 357 -1
357 358 1
357 361 1
357 421 1
357 613 1
357 868 1
358 230 1
358 342 1
358 357 1
358 358 0
358 362 1
358 422 1
358 614 1
359 231 1
359 343 1
359 359 0
359 363 1
359 423 1
359 615 1
359 870 1
360 232 1
360 344 1
360 356 1
360 360 0
360 368 1
360 424 1
360 616 1
361 233 1
361 345 1
361 357 1
361 361 -1
361 362 1
361 369 1
361 425 1
361 617 1
361 872 1
362 234 1
362 346 1
362 358 1
362 361 1
362 362 -1
362 364 1
362 370 1
362 426 1
362 618 1
363 235 1
363 347 1
363 359 1
363 363 -1
363 365 1
363 371 1
363 427 1
363 619 1
363 874 1
364 236 1
364 348 1
364 362 1
364 364 0
364 372 1
364 428 1
364 620 1
365 237 1
365 349 1
365 363 1
365 365 -1
365 366 1
365 373 1
365 429 1
365 621 1
365 876 1
366 238 1
366 350 1
366 365 1
366 366 0
366 374 1
366 430 1
366 622 1
367 239 1
367 351 1
367 367 0
367 375 1
367 431 1
367 623 1
367 878 1
368 240 1
368 360 1
368 368 0
368 432 1
368 624 1
369 241 1
369 361 1
369 369 0
369 370 1
369 433 1
369 625 1
369 880 1
370 242 1
370 362 1
370 369 1
370 370 0
370 372 1
370 434 1
370 626 1
371 243 1
371 363 1
371 371 0
371 373 1
371 435 1
371 627 1
371 882 1
372 244 1
372 364 1
372 370 1
372 372 0
372 376 1
372 436 1
372 628 1
373 245 1
373 365 1
373 371 1
373 373 -1
373 374 1
373 377 1
373 437 1
373 629 1
373 884 1
374 246 1
374 366 1
374 373 1
374 374 0
374 378 1
374 438 1
374 630 1
375 247 1
375 367 1
375 375 0
375 379 1
375 439 1
375 631 1
375 886 1
376 248 1
376 372 1
376 376 0
376 440 1
376 632 1
377 249 1
377 373 1
377 377 0
377 378 1
377 441 1
377 633 1
377 888 1
378 250 1
378 374 1
378 377 1
378 378 0
378 380 1
378 442 1
378 634 1
379 251 1
379 375 1
379 379 0
379 381 1
379 443 1
379 635 1
379 890 1
380 252 1
380 378 1
380 380 0
380 444 1
380 636 1
381 253 1
381 379 1
381 381 0
381 382 1
381 445 1
381 637 1
381 892 1
382 254 1
382 381 1
382 382 0
382 446 1
382 638 1
383 255 1
383 383 0
383 447 1
383 639 1
383 894 1
384 320 1
384 384 1
384 640 1
385 321 1
385 385 0
385 386 1
385 641 1
385 896 1
386 322 1
386 385 1
386 386 0
386 388 1
386 642 1
387 323 1
387 387 0
387 389 1
387 643 1
387 898 1
388 324 1
388 386 1
388 388 0
388 392 1
388 644 1
389 325 1
389 387 1
389 389 0
389 390 1
389 393 1
389 645 1
389 900 1
390 326 1
390 389 1
390 390 0
390 394 1
390 646 1
391 327 1
391 391 0
391 395 1
391 647 1
391 902 1
392 328 1
392 388 1
392 392 0
392 400 1
392 648 1
393 329 1
393 389 1
393 393 0
393 394 1
393 401 1
393 649 1
393 904 1
394 330 1
394 390 1
394 393 1
394 394 0
394 396 1
394 402 1
394 650 1
395 331 1
395 391 1
395 395 0
395 397 1
395 403 1
395 651 1
395 906 1
396 332 1
396 394 1
396 396 0
396 404 1
396 652 1
397 333 1
397 395 1
397 397 0
397 398 1
397 405 1
397 653 1
397 908 1
398 334 1
398 397 1
398 398 0
398 406 1
398 654 1
399 335 1
399 399 0
399 407 1
399 655 1
399 910 1
400 336 1
400 392 1
400 400 0
400 416 1
400 656 1
401 337 1
401 393 1
401 401 0
401 402 1
401 417 1
401 657 1
401 912 1
402 338 1
402 394 1
402 401 1
402 402 0
402 404 1
402 418 1
402 658 1
403 339 1
403 395 1
403 403 0
403 405 1
403 419 1
403 659 1
403 914 1
404 340 1
404 396 1
404 402 1
404 404 0
404 408 1
404 420 1
404 660 1
405 341 1
405 397 1
405 403 1
405 405 -1
405 406 1
405 409 1
405 421 1
405 661 1
405 916 1
406 342 1
406 398 1
406 405 1
406 406 0
406 410 1
406 422 1
406 662 1
407 343 1
407 399 1
407 407 0
407 411 1
407 423 1
407 663 1
407 918 1
408 344 1
408 404 1
408 408 0
408 424 1
408 664 1
409 345 1
409 405 1
409 409 0
409 410 1
409 425 1
409 665 1
409 920 1
410 346 1
410 406 1
410 409 1
410 410 0
410 412 1
410 426 1
410 666 1
411 347 1
411 407 1
411 411 0
411 413 1
411 427 1
411 667 1
411 922 1
412 348 1
412 410 1
412 412 0
412 428 1
412 668 1
413 349 1
413 411 1
413 413 0
413 414 1
413 429 1
413 669 1
413 924 1
414 350 1
414 413 1
414 414 0
414 430 1
414 670 1
415 351 1
415 415 0
415 431 1
415 671 1
415 926 1
416 352 1
416 400 1
416 416 0
416 448 1
416 672 1
417 353 1
417 401 1
417 417 0
417 418 1
417 449 1
417 673 1
417 928 1
418 354 1
418 402 1
418 417 1
418 418 0
418 420 1
418 450 1
418 674 1
419 355 1
419 403 1
419 419 0
419 421 1
419 451 1
419 675 1
419 930 1
420 356 1
420 404 1
420 418 1
420 420 0
420 424 1
420 452 1
420 676 1
421 357 1
421 405 1
421 419 1
421 421 -1
421 422 1
421 425 1
421 453 1
421 677 1
421 932 1
422 358 1
422 406 1
422 421 1
422 422 0
422 426 1
422 454 1
422 678 1
423 359 1
423 407 1
423 423 0
423 427 1
423 455 1
423 679 1
423 934 1
424 360 1
424 408 1
424 420 1
424 424 0
424 432 1
424 456 1
424 680 1
425 361 1
425 409 1
425 421 1
425 425 -1
425 426 1
425 433 1
425 457 1
425 681 1
425 936 1
426 362 1
426 410 1
426 422 1
426 425 1
426 426 -1
426 428 1
426 434 1
426 458 1
426 682 1
427 363 1
427 411 1
427 423 1
427 427 -1
427 429 1
427 435 1
427 459 1
427 683 1
427 938 1
428 364 1
428 412 1
428 426 1
428 428 0
428 436 1
428 460 1
428 684 1
429 365 1
429 413 1
429 427 1
429 429 -1
429 430 1
429 437 1
429 461 1
429 685 1
429 940 1
430 366 1
430 414 1
430 429 1
430 430 0
430 438 1
430 462 1
430 686 1
431 367 1
431 415 1
431 431 0
431 439 1
431 463 1
431 687 1
431 942 1
432 368 1
432 424 1
432 432 0
432 464 1
432 688 1
433 369 1
433 425 1
433 433 0
433 434 1
433 465 1
433 689 1
433 944 1
434 370 1
434 426 1
434 433 1
434 434 0
434 436 1
434 466 1
434 690 1
435 371 1
435 427 1
435 435 0
435 437 1
435 467 1
435 691 1
435 946 1
436 372 1
436 428 1
436 434 1
436 436 0
436 440 1
436 468 1
436 692 1
437 373 1
437 429 1
437 435 1
437 437 -1
437 438 1
437 441 1
437 469 1
437 693 1
437 948 1
438 374 1
438 430 1
438 437 1
438 438 0
438 442 1
438 470 1
438 694 1
439 375 1
439 431 1
439 439 0
439 443 1
439 471 1
439 695 1
439 950 1
440 376 1
440 436 1
440 440 0
440 472 1
440 696 1
441 377 1
441 437 1
441 441 0
441 442 1
441 473 1
441 697 1
441 952 1
442 378 1
442 438 1
442 441 1
442 442 0
442 444 1
442 474 1
442 698 1
443 379 1
443 439 1
443 443 0
443 445 1
443 475 1
443 699 1
443 954 1
444 380 1
444 442 1
444 444 0
444 476 1
444 700 1
445 381 1
445 443 1
445 445 0
445 446 1
445 477 1
445 701 1
445 956 1
446 382 1
446 445 1
446 446 0
446 478 1
446 702 1
447 383 1
447 447 0
447 479 1
447 703 1
447 958 1
448 416 1
448 448 1
448 704 1
449 417 1
449 449 0
449 450 1
449 705 1
449 960 1
450 418 1
450 449 1
450 450 0
450 452 1
450 706 1
451 419 1
451 451 0
451 453 1
451 707 1
451 962 1
452 420 1
452 450 1
452 452 0
452 456 1
452 708 1
453 421 1
453 451 1
453 453 0
453 454 1
453 457 1
453 709 1
453 964 1
454 422 1
454 453 1
454 454 0
454 458 1
454 710 1
455 423 1
455 455 0
455 459 1
455 711 1
455 966 1
456 424 1
456 452 1
456 456 0
456 464 1
456 712 1
457 425 1
457 453 1
457 457 0
457 458 1
457 465 1
457 713 1
457 968 1
458 426 1
458 454 1
458 457 1
458 458 0
458 460 1
458 466 1
458 714 1
459 427 1
459 455 1
459 459 0
459 461 1
459 467 1
459 715 1
459 970 1
460 428 1
460 458 1
460 460 0
460 468 1
460 716 1
461 429 1
461 459 1
461 461 0
461 462 1
461 469 1
461 717 1
461 972 1
462 430 1
462 461 1
462 462 0
462 470 1
462 718 1
463 431 1
463 463 0
463 471 1
463 719 1
463 974 1
464 432 1
464 456 1
464 464 0
464 480 1
464 720 1
465 433 1
465 457 1
465 465 0
465 466 1
465 481 1
465 721 1
465 976 1
466 434 1
466 458 1
466 465 1
466 466 0
466 468 1
466 482 1
466 722 1
467 435 1
467 459 1
467 467 0
467 469 1
467 483 1
467 723 1
467 978 1
468 436 1
468 460 1
468 466 1
468 468 0
468 472 1
468 484 1
468 724 1
469 437 1
469 461 1
469 467 1
469 469 -1
469 470 1
469 473 1
469 485 1
469 725 1
469 980 1
470 438 1
470 462 1
470 469 1
470 470 0
470 474 1
470 486 1
470 726 1
471 439 1
471 463 1
471 471 0
471 475 1
471 487 1
471 727 1
471 982 1
472 440 1
472 468 1
472 472 0
472 488 1
472 728 1
473 441 1
473 469 1
473 473 0
473 474 1
473 489 1
473 729 1
473 984 1
474 442 1
474 470 1
474 473 1
474 474 0
474 476 1
474 490 1
474 730 1
475 443 1
475 471 1
475 475 0
475 477 1
475 491 1
475 731 1
475 986 1
476 444 1
476 474 1
476 476 0
476 492 1
476 732 1
477 445 1
477 475 1
477 477 0
477 478 1
477 493 1
477 733 1
477 988 1
478 446 1
478 477 1
478 478 0
478 494 1
478 734 1
479 447 1
479 479 0
479 495 1
479 735 1
479 990 1
480 464 1
480 480 1
480 736 1
481 465 1
481 481 0
481 482 1
481 737 1
481 992 1
482 466 1
482 481 1
482 482 0
482 484 1
482 738 1
483 467 1
483 483 0
483 485 1
483 739 1
483 994 1
484 468 1
484 482 1
484 484 0
484 488 1
484 740 1
485 469 1
485 483 1
485 485 0
485 486 1
485 489 1
485 741 1
485 996 1
486 470 1
486 485 1
486 486 0
486 490 1
486 742 1
487 471 1
487 487 0
487 491 1
487 743 1
487 998 1
488 472 1
488 484 1
488 488 0
488 496 1
488 744 1
489 473 1
489 485 1
489 489 0
489 490 1
489 497 1
489 745 1
489 1000 1
490 474 1
490 486 1
490 489 1
490 490 0
490 492 1
490 498 1
490 746 1
491 475 1
491 487 1
491 491 0
491 493 1
491 499 1
491 747 1
491 1002 1
492 476 1
492 490 1
492 492 0
492 500 1
492 748 1
493 477 1
493 491 1
493 493 0
493 494 1
493 501 1
493 749 1
493 1004 1
494 478 1
494 493 1
494 494 0
494 502 1
494 750 1
495 479 1
495 495 0
495 503 1
495 751 1
495 1006 1
496 488 1
496 496 1
496 752 1
497 489 1
497 497 0
497 498 1
497 753 1
497 1008 1
498 490 1
498 497 1
498 498 0
498 500 1
498 754 1
499 491 1
499 499 0
499 501 1
499 755 1
499 1010 1
500 492 1
500 498 1
500 500 0
500 504 1
500 756 1
501 493 1
501 499 1
501 501 0
501 502 1
501 505 1
501 757 1
501 1012 1
502 494 1
502 501 1
502 502 0
502 506 1
502 758 1
503 495 1
503 503 0
503 507 1
503 759 1
503 1014 1
504 500 1
504 504 1
504 760 1
505 501 1
505 505 0
505 506 1
505 761 1
505 1016 1
506 502 1
506 505 1
506 506 0
506 508 1
506 762 1
507 503 1
507 507 0
507 509 1
507 763 1
507 1018 1
508 506 1
508 508 1
508 764 1
509 507 1
509 509 0
509 510 1
509 765 1
509 1020 1
510 509 1
510 510 1
510 766 1
511 511 1
511 767 1
511 1022 1
512 1 1
512 256 1
512 512 1
513 257 1
513 513 1
513 514 1
514 3 1
514 258 1
514 513 1
514 514 0
514 516 1
515 259 1
515 515 1
515 517 1
516 5 1
516 260 1
516 514 1
516 516 0
516 520 1
517 261 1
517 515 1
517 517 0
517 518 1
517 521 1
518 7 1
518 262 1
518 517 1
518 518 0
518 522 1
519 263 1
519 519 1
519 523 1
520 9 1
520 264 1
520 516 1
520 520 0
520 528 1
521 265 1
521 517 1
521 521 0
521 522 1
521 529 1
522 11 1
522 266 1
522 518 1
522 521 1
522 522 0
522 524 1
522 530 1
523 267 1
523 519 1
523 523 0
523 525 1
523 531 1
524 13 1
524 268 1
524 522 1
524 524 0
524 532 1
525 269 1
525 523 1
525 525 0
525 526 1
525 533 1
526 15 1
526 270 1
526 525 1
526 526 0
526 534 1
527 271 1
527 527 1
527 535 1
528 17 1
528 272 1
528 520 1
528 528 0
528 544 1
529 273 1
529 521 1
529 529 0
529 530 1
529 545 1
530 19 1
530 274 1
530 522 1
530 529 1
530 530 0
530 532 1
530 546 1
531 275 1
531 523 1
531 531 0
531 533 1
531 547 1
532 21 1
532 276 1
532 524 1
532 530 1
532 532 0
532 536 1
532 548 1
533 277 1
533 525 1
533 531 1
533 533 0
533 534 1
533 537 1
533 549 1
534 23 1
534 278 1
534 526 1
534 533 1
534 534 0
534 538 1
534 550 1
535 279 1
535 527 1
535 535 0
535 539 1
535 551 1
536 25 1
536 280 1
536 532 1
536 536 0
536 552 1
537 281 1
537 533 1
537 537 0
537 538 1
537 553 1
538 27 1
538 282 1
538 534 1
538 537 1
538 538 0
538 540 1
538 554 1
539 283 1
539 535 1
539 539 0
539 541 1
539 555 1
540 29 1
540 284 1
540 538 1
540 540 0
540 556 1
541 285 1
541 539 1
541 541 0
541 542 1
541 557 1
542 31 1
542 286 1
542 541 1
542 542 0
542 558 1
543 287 1
543 543 1
543 559 1
544 33 1
544 288 1
544 528 1
544 544 0
544 576 1
545 289 1
545 529 1
545 545 0
545 546 1
545 577 1
546 35 1
546 290 1
546 530 1
546 545 1
546 546 0
546 548 1
546 578 1
547 291 1
547 531 1
547 547 0
547 549 1
547 579 1
548 37 1
548 292 1
548 532 1
548 546 1
548 548 0
548 552 1
548 580 1
549 293 1
549 533 1
549 547 1
549 549 0
549 550 1
549 553 1
549 581 1
550 39 1
550 294 1
550 534 1
550 549 1
550 550 0
550 554 1
550 582 1
551 295 1
551 535 1
551 551 0
551 555 1
551 583 1
552 41 1
552 296 1
552 536 1
552 548 1
552 552 0
552 560 1
552 584 1
553 297 1
553 537 1
553 549 1
553 553 0
553 554 1
553 561 1
553 585 1
554 43 1
554 298 1
554 538 1
554 550 1
554 553 1
554 554 -1
554 556 1
554 562 1
554 586 1
555 299 1
555 539 1
555 551 1
555 555 0
555 557 1
555 563 1
555 587 1
556 45 1
556 300 1
556 540 1
556 554 1
556 556 0
556 564 1
556 588 1
557 301 1
557 541 1
557 555 1
557 557 0
557 558 1
557 565 1
557 589 1
558 47 1
558 302 1
558 542 1
558 557 1
558 558 0
558 566 1
558 590 1
559 303 1
559 543 1
559 559 0
559 567 1
559 591 1
560 49 1
560 304 1
560 552 1
560 560 0
560 592 1
561 305 1
561 553 1
561 561 0
561 562 1
561 593 1
562 51 1
562 306 1
562 554 1
562 561 1
562 562 0
562 564 1
562 594 1
563 307 1
563 555 1
563 563 0
563 565 1
563 595 1
564 53 1
564 308 1
564 556 1
564 562 1
564 564 0
564 568 1
564 596 1
565 309 1
565 557 1
565 563 1
565 565 0
565 566 1
565 569 1
565 597 1
566 55 1
566 310 1
566 558 1
566 565 1
566 566 0
566 570 1
566 598 1
567 311 1
567 559 1
567 567 0
567 571 1
567 599 1
568 57 1
568 312 1
568 564 1
568 568 0
568 600 1
569 313 1
569 565 1
569 569 0
569 570 1
569 601 1
570 59 1
570 314 1
570 566 1
570 569 1
570 570 0
570 572 1
570 602 1
571 315 1
571 567 1
571 571 0
571 573 1
571 603 1
572 61 1
572 316 1
572 570 1
572 572 0
572 604 1
573 317 1
573 571 1
573 573 0
573 574 1
573 605 1
574 63 1
574 318 1
574 573 1
574 574 0
574 606 1
575 319 1
575 575 1
575 607 1
576 65 1
576 320 1
576 544 1
576 576 0
576 640 1
577 321 1
577 545 1
577 577 0
577 578 1
577 641 1
578 67 1
578 322 1
578 546 1
578 577 1
578 578 0
578 580 1
578 642 1
579 323 1
579 547 1
579 579 0
579 581 1
579 643 1
580 69 1
580 324 1
580 548 1
580 578 1
580 580 0
580 584 1
580 644 1
581 325 1
581 549 1
581 579 1
581 581 0
581 582 1
581 585 1
581 645 1
582 71 1
582 326 1
582 550 1
582 581 1
582 582 0
582 586 1
582 646 1
583 327 1
583 551 1
583 583 0
583 587 1
583 647 1
584 73 1
584 328 1
584 552 1
584 580 1
584 584 0
584 592 1
584 648 1
585 329 1
585 553 1
585 581 1
585 585 0
585 586 1
585 593 1
585 649 1
586 75 1
586 330 1
586 554 1
586 582 1
586 585 1
586 586 -1
586 588 1
586 594 1
586 650 1
587 331 1
587 555 1
587 583 1
587 587 0
587 589 1
587 595 1
587 651 1
588 77 1
588 332 1
588 556 1
588 586 1
588 588 0
588 596 1
588 652 1
589 333 1
589 557 1
589 587 1
589 589 0
589 590 1
589 597 1
589 653 1
590 79 1
590 334 1
590 558 1
590 589 1
590 590 0
590 598 1
590 654 1
591 335 1
591 559 1
591 591 0
591 599 1
591 655 1
592 81 1
592 336 1
592 560 1
592 584 1
592 592 0
592 608 1
592 656 1
593 337 1
593 561 1
593 585 1
593 593 0
593 594 1
593 609 1
593 657 1
594 83 1
594 338 1
594 562 1
594 586 1
594 593 1
594 594 -1
594 596 1
594 610 1
594 658 1
595 339 1
595 563 1
595 587 1
595 595 0
595 597 1
595 611 1
595 659 1
596 85 1
596 340 1
596 564 1
596 588 1
596 594 1
596 596 -1
596 600 1
596 612 1
596 660 1
597 341 1
597 565 1
597 589 1
597 595 1
597 597 -1
597 598 1
597 601 1
597 613 1
597 661 1
598 87 1
598 342 1
598 566 1
598 590 1
598 597 1
598 598 -1
598 602 1
598 614 1
598 662 1
599 343 1
599 567 1
599 591 1
599 599 0
599 603 1
599 615 1
599 663 1
600 89 1
600 344 1
600 568 1
600 596 1
600 600 0
600 616 1
600 664 1
601 345 1
601 569 1
601 597 1
601 601 0
601 602 1
601 617 1
601 665 1
602 91 1
602 346 1
602 570 1
602 598 1
602 601 1
602 602 -1
602 604 1
602 618 1
602 666 1
603 347 1
603 571 1
603 599 1
603 603 0
603 605 1
603 619 1
603 667 1
604 93 1
604 348 1
604 572 1
604 602 1
604 604 0
604 620 1
604 668 1
605 349 1
605 573 1
605 603 1
605 605 0
605 606 1
605 621 1
605 669 1
606 95 1
606 350 1
606 574 1
606 605 1
606 606 0
606 622 1
606 670 1
607 351 1
607 575 1
607 607 0
607 623 1
607 671 1
608 97 1
608 352 1
608 592 1
608 608 0
608 672 1
609 353 1
609 593 1
609 609 0
609 610 1
609 673 1
610 99 1
610 354 1
610 594 1
610 609 1
610 610 0
610 612 1
610 674 1
611 355 1
611 595 1
611 611 0
611 613 1
611 675 1
612 101 1
612 356 1
612 596 1
612 610 1
612 612 0
612 616 1
612 676 1
613 357 1
613 597 1
613 611 1
613 613 0
613 614 1
613 617 1
613 677 1
614 103 1
614 358 1
614 598 1
614 613 1
614 614 0
614 618 1
614 678 1
615 359 1
615 599 1
615 615 0
615 619 1
615 679 1
616 105 1
616 360 1
616 600 1
616 612 1
616 616 0
616 624 1
616 680 1
617 361 1
617 601 1
617 613 1
617 617 0
617 618 1
617 625 1
617 681 1
618 107 1
618 362 1
618 602 1
618 614 1
618 617 1
618 618 -1
618 620 1
618 626 1
618 682 1
619 363 1
619 603 1
619 615 1
619 619 0
619 621 1
619 627 1
619 683 1
620 109 1
620 364 1
620 604 1
620 618 1
620 620 0
620 628 1
620 684 1
621 365 1
621 605 1
621 619 1
621 621 0
621 622 1
621 629 1
621 685 1
622 111 1
622 366 1
622 606 1
622 621 1
622 622 0
622 630 1
622 686 1
623 367 1
623 607 1
623 623 0
623 631 1
623 687 1
624 113 1
624 368 1
624 616 1
624 624 0
624 688 1
625 369 1
625 617 1
625 625 0
625 626 1
625 689 1
626 115 1
626 370 1
626 618 1
626 625 1
626 626 0
626 628 1
626 690 1
627 371 1
627 619 1
627 627 0
627 629 1
627 691 1
628 117 1
628 372 1
628 620 1
628 626 1
628 628 0
628 632 1
628 692 1
629 373 1
629 621 1
629 627 1
629 629 0
629 630 1
629 633 1
629 693 1
630 119 1
630 374 1
630 622 1
630 629 1
630 630 0
630 634 1
630 694 1
631 375 1
631 623 1
631 631 0
631 635 1
631 695 1
632 121 1
632 376 1
632 628 1
632 632 0
632 696 1
633 377 1
633 629 1
633 633 0
633 634 1
633 697 1
634 123 1
634 378 1
634 630 1
634 633 1
634 634 0
634 636 1
634 698 1
635 379 1
635 631 1
635 635 0
635 637 1
635 699 1
636 125 1
636 380 1
636 634 1
636 636 0
636 700 1
637 381 1
637 635 1
637 637 0
637 638 1
637 701 1
638 127 1
638 382 1
638 637 1
638 638 0
638 702 1
639 383 1
639 639 1
639 703 1
640 129 1
640 384 1
640 576 1
640 640 0
640 768 1
641 385 1
641 577 1
641 641 0
641 642 1
641 769 1
642 131 1
642 386 1
642 578 1
642 641 1
642 642 0
642 644 1
642 770 1
643 387 1
643 579 1
643 643 0
643 645 1
643 771 1
644 133 1
644 388 1
644 580 1
644 642 1
644 644 0
644 648 1
644 772 1
645 389 1
645 581 1
645 643 1
645 645 0
645 646 1
645 649 1
645 773 1
646 135 1
646 390 1
646 582 1
646 645 1
646 646 0
646 650 1
646 774 1
647 391 1
647 583 1
647 647 0
647 651 1
647 775 1
648 137 1
648 392 1
648 584 1
648 644 1
648 648 0
648 656 1
648 776 1
649 393 1
649 585 1
649 645 1
649 649 0
649 650 1
649 657 1
649 777 1
650 139 1
650 394 1
650 586 1
650 646 1
650 649 1
650 650 -1
650 652 1
650 658 1
650 778 1
651 395 1
651 587 1
651 647 1
651 651 0
651 653 1
651 659 1
651 779 1
652 141 1
652 396 1
652 588 1
652 650 1
652 652 0
652 660 1
652 780 1
653 397 1
653 589 1
653 651 1
653 653 0
653 654 1
653 661 1
653 781 1
654 143 1
654 398 1
654 590 1
654 653 1
654 654 0
654 662 1
654 782 1
655 399 1
655 591 1
655 655 0
655 663 1
655 783 1
656 145 1
656 400 1
656 592 1
656 648 1
656 656 0
656 672 1
656 784 1
657 401 1
657 593 1
657 649 1
657 657 0
657 658 1
657 673 1
657 785 1
658 147 1
658 402 1
658 594 1
658 650 1
658 657 1
658 658 -1
658 660 1
658 674 1
658 786 1
659 403 1
659 595 1
659 651 1
659 659 0
659 661 1
659 675 1
659 787 1
660 149 1
660 404 1
660 596 1
660 652 1
660 658 1
660 660 -1
660 664 1
660 676 1
660 788 1
661 405 1
661 597 1
661 653 1
661 659 1
661 661 -1
661 662 1
661 665 1
661 677 1
661 789 1
662 151 1
662 406 1
662 598 1
662 654 1
662 661 1
662 662 -1
662 666 1
662 678 1
662 790 1
663 407 1
663 599 1
663 655 1
663 663 0
663 667 1
663 679 1
663 791 1
664 153 1
664 408 1
664 600 1
664 660 1
664 664 0
664 680 1
664 792 1
665 409 1
665 601 1
665 661 1
665 665 0
665 666 1
665 681 1
665 793 1
666 155 1
666 410 1
666 602 1
666 662 1
666 665 1
666 666 -1
666 668 1
666 682 1
666 794 1
667 411 1
667 603 1
667 663 1
667 667 0
667 669 1
667 683 1
667 795 1
668 157 1
668 412 1
668 604 1
668 666 1
668 668 0
668 684 1
668 796 1
669 413 1
669 605 1
669 667 1
669 669 0
669 670 1
669 685 1
669 797 1
670 159 1
670 414 1
670 606 1
670 669 1
670 670 0
670 686 1
670 798 1
671 415 1
671 607 1
671 671 0
671 687 1
671 799 1
672 161 1
672 416 1
672 608 1
672 656 1
672 672 0
672 704 1
672 800 1
673 417 1
673 609 1
673 657 1
673 673 0
673 674 1
673 705 1
673 801 1
674 163 1
674 418 1
674 610 1
674 658 1
674 673 1
674 674 -1
674 676 1
674 706 1
674 802 1
675 419 1
675 611 1
675 659 1
675 675 0
675 677 1
675 707 1
675 803 1
676 165 1
676 420 1
676 612 1
676 660 1
676 674 1
676 676 -1
676 680 1
676 708 1
676 804 1
677 421 1
677 613 1
677 661 1
677 675 1
677 677 -1
677 678 1
677 681 1
677 709 1
677 805 1
678 167 1
678 422 1
678 614 1
678 662 1
678 677 1
678 678 -1
678 682 1
678 710 1
678 806 1
679 423 1
679 615 1
679 663 1
679 679 0
679 683 1
679 711 1
679 807 1
680 169 1
680 424 1
680 616 1
680 664 1
680 676 1
680 680 -1
680 688 1
680 712 1
680 808 1
681 425 1
681 617 1
681 665 1
681 677 1
681 681 -1
681 682 1
681 689 1
681 713 1
681 809 1
682 171 1
682 426 1
682 618 1
682 666 1
682 678 1
682 681 1
682 682 -2
682 684 1
682 690 1
682 714 1
682 810 1
683 427 1
683 619 1
683 667 1
683 679 1
683 683 -1
683 685 1
683 691 1
683 715 1
683 811 1
684 173 1
684 428 1
684 620 1
684 668 1
684 682 1
684 684 -1
684 692 1
684 716 1
684 812 1
685 429 1
685 621 1
685 669 1
685 683 1
685 685 -1
685 686 1
685 693 1
685 717 1
685 813 1
686 175 1
686 430 1
686 622 1
686 670 1
686 685 1
686 686 -1
686 694 1
686 718 1
686 814 1
687 431 1
687 623 1
687 671 1
687 687 0
687 695 1
687 719 1
687 815 1
688 177 1
688 432 1
688 624 1
688 680 1
688 688 0
688 720 1
688 816 1
689 433 1
689 625 1
689 681 1
689 689 0
689 690 1
689 721 1
689 817 1
690 179 1
690 434 1
690 626 1
690 682 1
690 689 1
690 690 -1
690 692 1
690 722 1
690 818 1
691 435 1
691 627 1
691 683 1
691 691 0
691 693 1
691 723 1
691 819 1
692 181 1
692 436 1
692 628 1
692 684 1
692 690 1
692 692 -1
692 696 1
692 724 1
692 820 1
693 437 1
693 629 1
693 685 1
693 691 1
693 693 -1
693 694 1
693 697 1
693 725 1
693 821 1
694 183 1
694 438 1
694 630 1
694 686 1
694 693 1
694 694 -1
694 698 1
694 726 1
694 822 1
695 439 1
695 631 1
695 687 1
695 695 0
695 699 1
695 727 1
695 823 1
696 185 1
696 440 1
696 632 1
696 692 1
696 696 0
696 728 1
696 824 1
697 441 1
697 633 1
697 693 1
697 697 0
697 698 1
697 729 1
697 825 1
698 187 1
698 442 1
698 634 1
698 694 1
698 697 1
698 698 -1
698 700 1
698 730 1
698 826 1
699 443 1
699 635 1
699 695 1
699 699 0
699 701 1
699 731 1
699 827 1
700 189 1
700 444 1
700 636 1
700 698 1
700 700 0
700 732 1
700 828 1
701 445 1
701 637 1
701 699 1
701 701 0
701 702 1
701 733 1
701 829 1
702 191 1
702 446 1
702 638 1
702 701 1
702 702 0
702 734 1
702 830 1
703 447 1
703 639 1
703 703 0
703 735 1
703 831 1
704 193 1
704 448 1
704 672 1
704 704 0
704 832 1
705 449 1
705 673 1
705 705 0
705 706 1
705 833 1
706 195 1
706 450 1
706 674 1
706 705 1
706 706 0
706 708 1
706 834 1
707 451 1
707 675 1
707 707 0
707 709 1
707 835 1
708 197 1
708 452 1
708 676 1
708 706 1
708 708 0
708 712 1
708 836 1
709 453 1
709 677 1
709 707 1
709 709 0
709 710 1
709 713 1
709 837 1
710 199 1
710 454 1
710 678 1
710 709 1
710 710 0
710 714 1
710 838 1
711 455 1
711 679 1
711 711 0
711 715 1
711 839 1
712 201 1
712 456 1
712 680 1
712 708 1
712 712 0
712 720 1
712 840 1
713 457 1
713 681 1
713 709 1
713 713 0
713 714 1
713 721 1
713 841 1
714 203 1
714 458 1
714 682 1
714 710 1
714 713 1
714 714 -1
714 716 1
714 722 1
714 842 1
715 459 1
715 683 1
715 711 1
715 715 0
715 717 1
715 723 1
715 843 1
716 205 1
716 460 1
716 684 1
716 714 1
716 716 0
716 724 1
716 844 1
717 461 1
717 685 1
717 715 1
717 717 0
717 718 1
717 725 1
717 845 1
718 207 1
718 462 1
718 686 1
718 717 1
718 718 0
718 726 1
718 846 1
719 463 1
719 687 1
719 719 0
719 727 1
719 847 1
720 209 1
720 464 1
720 688 1
720 712 1
720 720 0
720 736 1
720 848 1
721 465 1
721 689 1
721 713 1
721 721 0
721 722 1
721 737 1
721 849 1
722 211 1
722 466 1
722 690 1
722 714 1
722 721 1
722 722 -1
722 724 1
722 738 1
722 850 1
723 467 1
723 691 1
723 715 1
723 723 0
723 725 1
723 739 1
723 851 1
724 213 1
724 468 1
724 692 1
724 716 1
724 722 1
724 724 -1
724 728 1
724 740 1
724 852 1
725 469 1
725 693 1
725 717 1
725 723 1
725 725 -1
725 726 1
725 729 1
725 741 1
725 853 1
726 215 1
726 470 1
726 694 1
726 718 1
726 725 1
726 726 -1
726 730 1
726 742 1
726 854 1
727 471 1
727 695 1
727 719 1
727 727 0
727 731 1
727 743 1
727 855 1
728 217 1
728 472 1
728 696 1
728 724 1
728 728 0
728 744 1
728 856 1
729 473 1
729 697 1
729 725 1
729 729 0
729 730 1
729 745 1
729 857 1
730 219 1
730 474 1
730 698 1
730 726 1
730 729 1
730 730 -1
730 732 1
730 746 1
730 858 1
731 475 1
731 699 1
731 727 1
731 731 0
731 733 1
731 747 1
731 859 1
732 221 1
732 476 1
732 700 1
732 730 1
732 732 0
732 748 1
732 860 1
733 477 1
733 701 1
733 731 1
733 733 0
733 734 1
733 749 1
733 861 1
734 223 1
734 478 1
734 702 1
734 733 1
734 734 0
734 750 1
734 862 1
735 479 1
735 703 1
735 735 0
735 751 1
735 863 1
736 225 1
736 480 1
736 720 1
736 736 0
736 864 1
737 481 1
737 721 1
737 737 0
737 738 1
737 865 1
738 227 1
738 482 1
738 722 1
738 737 1
738 738 0
738 740 1
738 866 1
739 483 1
739 723 1
739 739 0
739 741 1
739 867 1
740 229 1
740 484 1
740 724 1
740 738 1
740 740 0
740 744 1
740 868 1
741 485 1
741 725 1
741 739 1
741 741 0
741 742 1
741 745 1
741 869 1
742 231 1
742 486 1
742 726 1
742 741 1
742 742 0
742 746 1
742 870 1
743 487 1
743 727 1
743 743 0
743 747 1
743 871 1
744 233 1
744 488 1
744 728 1
744 740 1
744 744 0
744 752 1
744 872 1
745 489 1
745 729 1
745 741 1
745 745 0
745 746 1
745 753 1
745 873 1
746 235 1
746 490 1
746 730 1
746 742 1
746 745 1
746 746 -1
746 748 1
746 754 1
746 874 1
747 491 1
747 731 1
747 743 1
747 747 0
747 749 1
747 755 1
747 875 1
748 237 1
748 492 1
748 732 1
748 746 1
748 748 0
748 756 1
748 876 1
749 493 1
749 733 1
749 747 1
749 749 0
749 750 1
749 757 1
749 877 1
750 239 1
750 494 1
750 734 1
750 749 1
750 750 0
750 758 1
750 878 1
751 495 1
751 735 1
751 751 0
751 759 1
751 879 1
752 241 1
752 496 1
752 744 1
752 752 0
752 880 1
753 497 1
753 745 1
753 753 0
753 754 1
753 881 1
754 243 1
754 498 1
754 746 1
754 753 1
754 754 0
754 756 1
754 882 1
755 499 1
755 747 1
755 755 0
755 757 1
755 883 1
756 245 1
756 500 1
756 748 1
756 754 1
756 756 0
756 760 1
756 884 1
757 501 1
757 749 1
757 755 1
757 757 0
757 758 1
757 761 1
757 885 1
758 247 1
758 502 1
758 750 1
758 757 1
758 758 0
758 762 1
758 886 1
759 503 1
759 751 1
759 759 0
759 763 1
759 887 1
760 249 1
760 504 1
760 756 1
760 760 0
760 888 1
761 505 1
761 757 1
761 761 0
761 762 1
761 889 1
762 251 1
762 506 1
762 758 1
762 761 1
762 762 0
762 764 1
762 890 1
763 507 1
763 759 1
763 763 0
763 765 1
763 891 1
764 253 1
764 508 1
764 762 1
764 764 0
764 892 1
765 509 1
765 763 1
765 765 0
765 766 1
765 893 1
766 255 1
766 510 1
766 765 1
766 766 0
766 894 1
767 511 1
767 767 1
767 895 1
768 257 1
768 640 1
768 768 1
769 641 1
769 769 1
769 770 1
770 259 1
770 642 1
770 769 1
770 770 0
770 772 1
771 643 1
771 771 1
771 773 1
772 261 1
772 644 1
772 770 1
772 772 0
772 776 1
773 645 1
773 771 1
773 773 0
773 774 1
773 777 1
774 263 1
774 646 1
774 773 1
774 774 0
774 778 1
775 647 1
775 775 1
775 779 1
776 265 1
776 648 1
776 772 1
776 776 0
776 784 1
777 649 1
777 773 1
777 777 0
777 778 1
777 785 1
778 267 1
778 650 1
778 774 1
778 777 1
778 778 0
778 780 1
778 786 1
779 651 1
779 775 1
779 779 0
779 781 1
779 787 1
780 269 1
780 652 1
780 778 1
780 780 0
780 788 1
781 653 1
781 779 1
781 781 0
781 782 1
781 789 1
782 271 1
782 654 1
782 781 1
782 782 0
782 790 1
783 655 1
783 783 1
783 791 1
784 273 1
784 656 1
784 776 1
784 784 0
784 800 1
785 657 1
785 777 1
785 785 0
785 786 1
785 801 1
786 275 1
786 658 1
786 778 1
786 785 1
786 786 0
786 788 1
786 802 1
787 659 1
787 779 1
787 787 0
787 789 1
787 803 1
788 277 1
788 660 1
788 780 1
788 786 1
788 788 0
788 792 1
788 804 1
789 661 1
789 781 1
789 787 1
789 789 0
789 790 1
789 793 1
789 805 1
790 279 1
790 662 1
790 782 1
790 789 1
790 790 0
790 794 1
790 806 1
791 663 1
791 783 1
791 791 0
791 795 1
791 807 1
792 281 1
792 664 1
792 788 1
792 792 0
792 808 1
793 665 1
793 789 1
793 793 0
793 794 1
793 809 1
794 283 1
794 666 1
794 790 1
794 793 1
794 794 0
794 796 1
794 810 1
795 667 1
795 791 1
795 795 0
795 797 1
795 811 1
796 285 1
796 668 1
796 794 1
796 796 0
796 812 1
797 669 1
797 795 1
797 797 0
797 798 1
797 813 1
798 287 1
798 670 1
798 797 1
798 798 0
798 814 1
799 671 1
799 799 1
799 815 1
800 289 1
800 672 1
800 784 1
800 800 0
800 832 1
801 673 1
801 785 1
801 801 0
801 802 1
801 833 1
802 291 1
802 674 1
802 786 1
802 801 1
802 802 0
802 804 1
802 834 1
803 675 1
803 787 1
803 803 0
803 805 1
803 835 1
804 293 1
804 676 1
804 788 1
804 802 1
804 804 0
804 808 1
804 836 1
805 677 1
805 789 1
805 803 1
805 805 0
805 806 1
805 809 1
805 837 1
806 295 1
806 678 1
806 790 1
806 805 1
806 806 0
806 810 1
806 838 1
807 679 1
807 791 1
807 807 0
807 811 1
807 839 1
808 297 1
808 680 1
808 792 1
808 804 1
808 808 0
808 816 1
808 840 1
809 681 1
809 793 1
809 805 1
809 809 0
809 810 1
809 817 1
809 841 1
810 299 1
810 682 1
810 794 1
810 806 1
810 809 1
810 810 -1
810 812 1
810 818 1
810 842 1
811 683 1
811 795 1
811 807 1
811 811 0
811 813 1
811 819 1
811 843 1
812 301 1
812 684 1
812 796 1
812 810 1
812 812 0
812 820 1
812 844 1
813 685 1
813 797 1
813 811 1
813 813 0
813 814 1
813 821 1
813 845 1
814 303 1
814 686 1
814 798 1
814 813 1
814 814 0
814 822 1
814 846 1
815 687 1
815 799 1
815 815 0
815 823 1
815 847 1
816 305 1
816 688 1
816 808 1
816 816 0
816 848 1
817 689 1
817 809 1
817 817 0
817 818 1
817 849 1
818 307 1
818 690 1
818 810 1
818 817 1
818 818 0
818 820 1
818 850 1
819 691 1
819 811 1
819 819 0
819 821 1
819 851 1
820 309 1
820 692 1
820 812 1
820 818 1
820 820 0
820 824 1
820 852 1
821 693 1
821 813 1
821 819 1
821 821 0
821 822 1
821 825 1
821 853 1
822 311 1
822 694 1
822 814 1
822 821 1
822 822 0
822 826 1
822 854 1
823 695 1
823 815 1
823 823 0
823 827 1
823 855 1
824 313 1
824 696 1
824 820 1
824 824 0
824 856 1
825 697 1
825 821 1
825 825 0
825 826 1
825 857 1
826 315 1
826 698 1
826 822 1
826 825 1
826 826 0
826 828 1
826 858 1
827 699 1
827 823 1
827 827 0
827 829 1
827 859 1
828 317 1
828 700 1
828 826 1
828 828 0
828 860 1
829 701 1
829 827 1
829 829 0
829 830 1
829 861 1
830 319 1
830 702 1
830 829 1
830 830 0
830 862 1
831 703 1
831 831 1
831 863 1
832 321 1
832 704 1
832 800 1
832 832 0
832 896 1
833 705 1
833 801 1
833 833 0
833 834 1
833 897 1
834 323 1
834 706 1
834 802 1
834 833 1
834 834 0
834 836 1
834 898 1
835 707 1
835 803 1
835 835 0
835 837 1
835 899 1
836 325 1
836 708 1
836 804 1
836 834 1
836 836 0
836 840 1
836 900 1
837 709 1
837 805 1
837 835 1
837 837 0
837 838 1
837 841 1
837 901 1
838 327 1
838 710 1
838 806 1
838 837 1
838 838 0
838 842 1
838 902 1
839 711 1
839 807 1
839 839 0
839 843 1
839 903 1
840 329 1
840 712 1
840 808 1
840 836 1
840 840 0
840 848 1
840 904 1
841 713 1
841 809 1
841 837 1
841 841 0
841 842 1
841 849 1
841 905 1
842 331 1
842 714 1
842 810 1
842 838 1
842 841 1
842 842 -1
842 844 1
842 850 1
842 906 1
843 715 1
843 811 1
843 839 1
843 843 0
843 845 1
843 851 1
843 907 1
844 333 1
844 716 1
844 812 1
844 842 1
844 844 0
844 852 1
844 908 1
845 717 1
845 813 1
845 843 1
845 845 0
845 846 1
845 853 1
845 909 1
846 335 1
846 718 1
846 814 1
846 845 1
846 846 0
846 854 1
846 910 1
847 719 1
847 815 1
847 847 0
847 855 1
847 911 1
848 337 1
848 720 1
848 816 1
848 840 1
848 848 0
848 864 1
848 912 1
849 721 1
849 817 1
849 841 1
849 849 0
849 850 1
849 865 1
849 913 1
850 339 1
850 722 1
850 818 1
850 842 1
850 849 1
850 850 -1
850 852 1
850 866 1
850 914 1
851 723 1
851 819 1
851 843 1
851 851 0
851 853 1
851 867 1
851 915 1
852 341 1
852 724 1
852 820 1
852 844 1
852 850 1
852 852 -1
852 856 1
852 868 1
852 916 1
853 725 1
853 821 1
853 845 1
853 851 1
853 853 -1
853 854 1
853 857 1
853 869 1
853 917 1
854 343 1
854 726 1
854 822 1
854 846 1
854 853 1
854 854 -1
854 858 1
854 870 1
854 918 1
855 727 1
855 823 1
855 847 1
855 855 0
855 859 1
855 871 1
855 919 1
856 345 1
856 728 1
856 824 1
856 852 1
856 856 0
856 872 1
856 920 1
857 729 1
857 825 1
857 853 1
857 857 0
857 858 1
857 873 1
857 921 1
858 347 1
858 730 1
858 826 1
858 854 1
858 857 1
858 858 -1
858 860 1
858 874 1
858 922 1
859 731 1
859 827 1
859 855 1
859 859 0
859 861 1
859 875 1
859 923 1
860 349 1
860 732 1
860 828 1
860 858 1
860 860 0
860 876 1
860 924 1
861 733 1
861 829 1
861 859 1
861 861 0
861 862 1
861 877 1
861 925 1
862 351 1
862 734 1
862 830 1
862 861 1
862 862 0
862 878 1
862 926 1
863 735 1
863 831 1
863 863 0
863 879 1
863 927 1
864 353 1
864 736 1
864 848 1
864 864 0
864 928 1
865 737 1
865 849 1
865 865 0
865 866 1
865 929 1
866 355 1
866 738 1
866 850 1
866 865 1
866 866 0
866 868 1
866 930 1
867 739 1
867 851 1
867 867 0
867 869 1
867 931 1
868 357 1
868 740 1
868 852 1
868 866 1
868 868 0
868 872 1
868 932 1
869 741 1
869 853 1
869 867 1
869 869 0
869 870 1
869 873 1
869 933 1
870 359 1
870 742 1
870 854 1
870 869 1
870 870 0
870 874 1
870 934 1
871 743 1
871 855 1
871 871 0
871 875 1
871 935 1
872 361 1
872 744 1
872 856 1
872 868 1
872 872 0
872 880 1
872 936 1
873 745 1
873 857 1
873 869 1
873 873 0
873 874 1
873 881 1
873 937 1
874 363 1
874 746 1
874 858 1
874 870 1
874 873 1
874 874 -1
874 876 1
874 882 1
874 938 1
875 747 1
875 859 1
875 871 1
875 875 0
875 877 1
875 883 1
875 939 1
876 365 1
876 748 1
876 860 1
876 874 1
876 876 0
876 884 1
876 940 1
877 749 1
877 861 1
877 875 1
877 877 0
877 878 1
877 885 1
877 941 1
878 367 1
878 750 1
878 862 1
878 877 1
878 878 0
878 886 1
878 942 1
879 751 1
879 863 1
879 879 0
879 887 1
879 943 1
880 369 1
880 752 1
880 872 1
880 880 0
880 944 1
881 753 1
881 873 1
881 881 0
881 882 1
881 945 1
882 371 1
882 754 1
882 874 1
882 881 1
882 882 0
882 884 1
882 946 1
883 755 1
883 875 1
883 883 0
883 885 1
883 947 1
884 373 1
884 756 1
884 876 1
884 882 1
884 884 0
884 888 1
884 948 1
885 757 1
885 877 1
885 883 1
885 885 0
885 886 1
885 889 1
885 949 1
886 375 1
886 758 1
886 878 1
886 885 1
886 886 0
886 890 1
886 950 1
887 759 1
887 879 1
887 887 0
887 891 1
887 951 1
888 377 1
888 760 1
888 884 1
888 888 0
888 952 1
889 761 1
889 885 1
889 889 0
889 890 1
889 953 1
890 379 1
890 762 1
890 886 1
890 889 1
890 890 0
890 892 1
890 954 1
891 763 1
891 887 1
891 891 0
891 893 1
891 955 1
892 381 1
892 764 1
892 890 1
892 892 0
892 956 1
893 765 1
893 891 1
893 893 0
893 894 1
893 957 1
894 383 1
894 766 1
894 893 1
894 894 0
894 958 1
895 767 1
895 895 1
895 959 1
896 385 1
896 832 1
896 896 1
897 833 1
897 897 1
897 898 1
898 387 1
898 834 1
898 897 1
898 898 0
898 900 1
899 835 1
899 899 1
899 901 1
900 389 1
900 836 1
900 898 1
900 900 0
900 904 1
901 837 1
901 899 1
901 901 0
901 902 1
901 905 1
902 391 1
902 838 1
902 901 1
902 902 0
902 906 1
903 839 1
903 903 1
903 907 1
904 393 1
904 840 1
904 900 1
904 904 0
904 912 1
905 841 1
905 901 1
905 905 0
905 906 1
905 913 1
906 395 1
906 842 1
906 902 1
906 905 1
906 906 0
906 908 1
906 914 1
907 843 1
907 903 1
907 907 0
907 909 1
907 915 1
908 397 1
908 844 1
908 906 1
908 908 0
908 916 1
909 845 1
909 907 1
909 909 0
909 910 1
909 917 1
910 399 1
910 846 1
910 909 1
910 910 0
910 918 1
911 847 1
911 911 1
911 919 1
912 401 1
912 848 1
912 904 1
912 912 0
912 928 1
913 849 1
913 905 1
913 913 0
913 914 1
913 929 1
914 403 1
914 850 1
914 906 1
914 913 1
914 914 0
914 916 1
914 930 1
915 851 1
915 907 1
915 915 0
915 917 1
915 931 1
916 405 1
916 852 1
916 908 1
916 914 1
916 916 0
916 920 1
916 932 1
917 853 1
917 909 1
917 915 1
917 917 0
917 918 1
917 921 1
917 933 1
918 407 1
918 854 1
918 910 1
918 917 1
918 918 0
918 922 1
918 934 1
919 855 1
919 911 1
919 919 0
919 923 1
919 935 1
920 409 1
920 856 1
920 916 1
920 920 0
920 936 1
921 857 1
921 917 1
921 921 0
921 922 1
921 937 1
922 411 1
922 858 1
922 918 1
922 921 1
922 922 0
922 924 1
922 938 1
923 859 1
923 919 1
923 923 0
923 925 1
923 939 1
924 413 1
924 860 1
924 922 1
924 924 0
924 940 1
925 861 1
925 923 1
925 925 0
925 926 1
925 941 1
926 415 1
926 862 1
926 925 1
926 926 0
926 942 1
927 863 1
927 927 1
927 943 1
928 417 1
928 864 1
928 912 1
928 928 0
928 960 1
929 865 1
929 913 1
929 929 0
929 930 1
929 961 1
930 419 1
930 866 1
930 914 1
930 929 1
930 930 0
930 932 1
930 962 1
931 867 1
931 915 1
931 931 0
931 933 1
931 963 1
932 421 1
932 868 1
932 916 1
932 930 1
932 932 0
932 936 1
932 964 1
933 869 1
933 917 1
933 931 1
933 933 0
933 934 1
933 937 1
933 965 1
934 423 1
934 870 1
934 918 1
934 933 1
934 934 0
934 938 1
934 966 1
935 871 1
935 919 1
935 935 0
935 939 1
935 967 1
936 425 1
936 872 1
936 920 1
936 932 1
936 936 0
936 944 1
936 968 1
937 873 1
937 921 1
937 933 1
937 937 0
937 938 1
937 945 1
937 969 1
938 427 1
938 874 1
938 922 1
938 934 1
938 937 1
938 938 -1
938 940 1
938 946 1
938 970 1
939 875 1
939 923 1
939 935 1
939 939 0
939 941 1
939 947 1
939 971 1
940 429 1
940 876 1
940 924 1
940 938 1
940 940 0
940 948 1
940 972 1
941 877 1
941 925 1
941 939 1
941 941 0
941 942 1
941 949 1
941 973 1
942 431 1
942 878 1
942 926 1
942 941 1
942 942 0
942 950 1
942 974 1
943 879 1
943 927 1
943 943 0
943 951 1
943 975 1
944 433 1
944 880 1
944 936 1
944 944 0
944 976 1
945 881 1
945 937 1
945 945 0
945 946 1
945 977 1
946 435 1
946 882 1
946 938 1
946 945 1
946 946 0
946 948 1
946 978 1
947 883 1
947 939 1
947 947 0
947 949 1
947 979 1
948 437 1
948 884 1
948 940 1
948 946 1
948 948 0
948 952 1
948 980 1
949 885 1
949 941 1
949 947 1
949 949 0
949 950 1
949 953 1
949 981 1
950 439 1
950 886 1
950 942 1
950 949 1
950 950 0
950 954 1
950 982 1
951 887 1
951 943 1
951 951 0
951 955 1
951 983 1
952 441 1
952 888 1
952 948 1
952 952 0
952 984 1
953 889 1
953 949 1
953 953 0
953 954 1
953 985 1
954 443 1
954 890 1
954 950 1
954 953 1
954 954 0
954 956 1
954 986 1
955 891 1
955 951 1
955 955 0
955 957 1
955 987 1
956 445 1
956 892 1
956 954 1
956 956 0
956 988 1
957 893 1
957 955 1
957 957 0
957 958 1
957 989 1
958 447 1
958 894 1
958 957 1
958 958 0
958 990 1
959 895 1
959 959 1
959 991 1
960 449 1
960 928 1
960 960 1
961 929 1
961 961 1
961 962 1
962 451 1
962 930 1
962 961 1
962 962 0
962 964 1
963 931 1
963 963 1
963 965 1
964 453 1
964 932 1
964 962 1
964 964 0
964 968 1
965 933 1
965 963 1
965 965 0
965 966 1
965 969 1
966 455 1
966 934 1
966 965 1
966 966 0
966 970 1
967 935 1
967 967 1
967 971 1
968 457 1
968 936 1
968 964 1
968 968 0
968 976 1
969 937 1
969 965 1
969 969 0
969 970 1
969 977 1
970 459 1
970 938 1
970 966 1
970 969 1
970 970 0
970 972 1
970 978 1
971 939 1
971 967 1
971 971 0
971 973 1
971 979 1
972 461 1
972 940 1
972 970 1
972 972 0
972 980 1
973 941 1
973 971 1
973 973 0
973 974 1
973 981 1
974 463 1
974 942 1
974 973 1
974 974 0
974 982 1
975 943 1
975 975 1
975 983 1
976 465 1
976 944 1
976 968 1
976 976 0
976 992 1
977 945 1
977 969 1
977 977 0
977 978 1
977 993 1
978 467 1
978 946 1
978 970 1
978 977 1
978 978 0
978 980 1
978 994 1
979 947 1
979 971 1
979 979 0
979 981 1
979 995 1
980 469 1
980 948 1
980 972 1
980 978 1
980 980 0
980 984 1
980 996 1
981 949 1
981 973 1
981 979 1
981 981 0
981 982 1
981 985 1
981 997 1
982 471 1
982 950 1
982 974 1
982 981 1
982 982 0
982 986 1
982 998 1
983 951 1
983 975 1
983 983 0
983 987 1
983 999 1
984 473 1
984 952 1
984 980 1
984 984 0
984 1000 1
985 953 1
985 981 1
985 985 0
985 986 1
985 1001 1
986 475 1
986 954 1
986 982 1
986 985 1
986 986 0
986 988 1
986 1002 1
987 955 1
987 983 1
987 987 0
987 989 1
987 1003 1
988 477 1
988 956 1
988 986 1
988 988 0
988 1004 1
989 957 1
989 987 1
989 989 0
989 990 1
989 1005 1
990 479 1
990 958 1
990 989 1
990 990 0
990 1006 1
991 959 1
991 991 1
991 1007 1
992 481 1
992 976 1
992 992 1
993 977 1
993 993 1
993 994 1
994 483 1
994 978 1
994 993 1
994 994 0
994 996 1
995 979 1
995 995 1
995 997 1
996 485 1
996 980 1
996 994 1
996 996 0
996 1000 1
997 981 1
997 995 1
997 997 0
997 998 1
997 1001 1
998 487 1
998 982 1
998 997 1
998 998 0
998 1002 1
999 983 1
999 999 1
999 1003 1
1000 489 1
1000 984 1
1000 996 1
1000 1000 0
1000 1008 1
1001 985 1
1001 997 1
1001 1001 0
1001 1002 1
1001 1009 1
1002 491 1
1002 986 1
1002 998 1
1002 1001 1
1002 1002 0
1002 1004 1
1002 1010 1
1003 987 1
1003 999 1
1003 1003 0
1003 1005 1
1003 1011 1
1004 493 1
1004 988 1
1004 1002 1
1004 1004 0
1004 1012 1
1005 989 1
1005 1003 1
1005 1005 0
1005 1006 1
1005 1013 1
1006 495 1
1006 990 1
1006 1005 1
1006 1006 0
1006 1014 1
1007 991 1
1007 1007 1
1007 1015 1
1008 497 1
1008 1000 1
1008 1008 1
1009 1001 1
1009 1009 1
1009 1010 1
1010 499 1
1010 1002 1
1010 1009 1
1010 1010 0
1010 1012 1
1011 1003 1
1011 1011 1
1011 1013 1
1012 501 1
1012 1004 1
1012 1010 1
1012 1012 0
1012 1016 1
1013 1005 1
1013 1011 1
1013 1013 0
1013 1014 1
1013 1017 1
1014 503 1
1014 1006 1
1014 1013 1
1014 1014 0
1014 1018 1
1015 1007 1
1015 1015 1
1015 1019 1
1016 505 1
1016 1012 1
1016 1016 1
1017 1013 1
1017 1017 1
1017 1018 1
1018 507 1
1018 1014 1
1018 1017 1
1018 1018 0
1018 1020 1
1019 1015 1
1019 1019 1
1019 1021 1
1020 509 1
1020 1018 1
1020 1020 1
1021 1019 1
1021 1021 1
1021 1022 1
1022 511 1
1022 1021 1
1022 1022 1
1023 1023 2
